m_fIp:40805.10
0 9.23
1 9.50
2 9.77
3 9.99
4 10.16
5 10.32
6 10.48
7 10.55
8 10.62
9 10.69
10 10.67
11 10.60
12 10.54
13 10.55
14 10.76
15 10.98
16 11.20
17 11.39
18 11.56
19 11.73
20 11.71
21 11.40
22 11.10
23 10.81
24 10.49
25 10.17
26 9.83
27 9.83
28 10.09
29 10.35
30 10.58
31 10.67
32 10.76
33 10.85
34 10.89
35 10.90
36 10.92
37 10.97
38 11.12
39 11.26
40 11.41
41 11.37
42 11.29
43 11.22
44 11.16
45 11.11
46 11.07
47 11.02
48 11.12
49 11.22
50 11.31
51 11.48
52 11.69
53 11.90
54 12.01
55 11.60
56 11.19
57 10.79
58 10.77
59 10.88
60 10.99
61 11.12
62 11.26
63 11.41
64 11.56
65 11.49
66 11.39
67 11.29
68 11.28
69 11.37
70 11.46
71 11.55
72 11.69
73 11.82
74 11.96
75 11.95
76 11.87
77 11.78
78 11.74
79 11.86
80 11.99
81 12.12
82 12.06
83 11.95
84 11.85
85 11.83
86 11.95
87 12.06
88 12.18
89 12.28
90 12.38
91 12.48
92 12.57
93 12.66
94 12.76
95 12.83
96 12.78
97 12.72
98 12.67
99 12.57
100 12.45
101 12.33
102 12.30
103 12.54
104 12.77
105 13.01
106 12.87
107 12.66
108 12.45
109 12.31
110 12.26
111 12.21
112 12.16
113 12.19
114 12.23
115 12.26
116 12.28
117 12.30
118 12.32
119 12.36
120 12.52
121 12.68
122 12.83
123 12.85
124 12.83
125 12.81
126 12.73
127 12.54
128 12.35
129 12.16
130 12.52
131 12.94
132 13.36
133 13.64
134 13.77
135 13.91
136 14.02
137 13.71
138 13.40
139 13.11
140 13.32
141 13.79
142 14.28
143 14.63
144 14.53
145 14.43
146 14.33
147 14.31
148 14.30
149 14.29
150 14.34
151 14.46
152 14.59
153 14.72
154 14.39
155 14.08
156 13.76
157 13.71
158 13.84
159 13.98
160 14.07
161 13.94
162 13.81
163 13.68
164 13.59
165 13.52
166 13.45
167 13.50
168 13.80
169 14.10
170 14.39
171 14.44
172 14.47
173 14.51
174 14.60
175 14.76
176 14.92
177 15.07
178 15.12
179 15.17
180 15.22
181 15.07
182 14.83
183 14.60
184 14.43
185 14.39
186 14.35
187 14.31
188 14.35
189 14.40
190 14.46
191 14.54
192 14.65
193 14.77
194 14.87
195 14.80
196 14.72
197 14.65
198 14.69
199 14.80
200 14.92
201 15.03
202 15.09
203 15.15
204 15.21
205 15.14
206 15.04
207 14.94
208 15.05
209 15.53
210 16.00
211 16.47
212 16.25
213 16.00
214 15.75
215 15.51
216 15.29
217 15.06
218 14.92
219 15.33
220 15.74
221 16.15
222 16.22
223 16.14
224 16.07
225 16.00
226 15.93
227 15.86
228 15.79
229 15.96
230 16.16
231 16.35
232 16.38
233 16.22
234 16.07
235 15.93
236 15.91
237 15.89
238 15.87
239 16.16
240 16.60
241 17.04
242 17.32
243 17.09
244 16.87
245 16.64
246 16.63
247 16.66
248 16.70
249 16.60
250 16.35
251 16.09
252 15.85
253 16.03
254 16.22
255 16.41
256 16.44
257 16.37
258 16.31
259 16.35
260 16.79
261 17.24
262 17.69
263 17.65
264 17.48
265 17.31
266 17.27
267 17.42
268 17.58
269 17.73
270 17.77
271 17.81
272 17.84
273 17.75
274 17.56
275 17.37
276 17.21
277 17.25
278 17.29
279 17.33
280 17.62
281 18.00
282 18.37
283 18.54
284 18.32
285 18.11
286 17.90
287 17.87
288 17.86
289 17.84
290 17.81
291 17.78
292 17.75
293 17.75
294 18.05
295 18.34
296 18.64
297 18.86
298 19.06
299 19.25
300 19.39
301 19.38
302 19.38
303 19.37
304 19.11
305 18.82
306 18.53
307 18.41
308 18.45
309 18.50
310 18.52
311 18.36
312 18.19
313 18.02
314 18.20
315 18.54
316 18.87
317 19.12
318 19.15
319 19.17
320 19.19
321 19.12
322 19.04
323 18.95
324 18.91
325 18.91
326 18.92
327 18.93
328 19.07
329 19.21
330 19.35
331 19.48
332 19.60
333 19.72
334 19.84
335 19.95
336 20.05
337 20.16
338 20.30
339 20.46
340 20.62
341 20.54
342 20.16
343 19.79
344 19.43
345 19.28
346 19.12
347 18.97
348 19.04
349 19.24
350 19.44
351 19.67
352 20.00
353 20.34
354 20.67
355 20.49
356 20.21
357 19.93
358 19.69
359 19.51
360 19.32
361 19.14
362 19.35
363 19.55
364 19.75
365 19.93
366 20.09
367 20.25
368 20.36
369 20.30
370 20.23
371 20.16
372 20.07
373 19.99
374 19.90
375 19.98
376 20.30
377 20.61
378 20.91
379 20.92
380 20.94
381 20.95
382 20.97
383 21.00
384 21.03
385 21.07
386 21.14
387 21.21
388 21.28
389 21.37
390 21.47
391 21.56
392 21.75
393 22.05
394 22.35
395 22.65
396 22.39
397 22.13
398 21.87
399 21.92
400 22.15
401 22.39
402 22.57
403 22.59
404 22.61
405 22.62
406 22.34
407 21.99
408 21.64
409 21.57
410 21.88
411 22.19
412 22.50
413 22.59
414 22.68
415 22.77
416 22.80
417 22.78
418 22.77
419 22.74
420 22.61
421 22.49
422 22.37
423 22.33
424 22.31
425 22.28
426 22.32
427 22.44
428 22.55
429 22.68
430 23.00
431 23.32
432 23.64
433 23.65
434 23.46
435 23.28
436 23.13
437 23.10
438 23.08
439 23.05
440 23.18
441 23.34
442 23.51
443 23.56
444 23.47
445 23.39
446 23.31
447 23.32
448 23.33
449 23.34
450 23.47
451 23.67
452 23.87
453 24.06
454 24.21
455 24.37
456 24.53
457 24.45
458 24.32
459 24.20
460 24.14
461 24.18
462 24.23
463 24.28
464 24.49
465 24.71
466 24.92
467 24.91
468 24.78
469 24.65
470 24.55
471 24.50
472 24.45
473 24.40
474 24.37
475 24.35
476 24.33
477 24.45
478 24.73
479 25.01
480 25.28
481 25.31
482 25.34
483 25.38
484 25.38
485 25.38
486 25.37
487 25.31
488 25.08
489 24.86
490 24.64
491 24.62
492 24.64
493 24.65
494 24.75
495 24.95
496 25.15
497 25.32
498 25.30
499 25.27
500 25.25
501 25.21
502 25.17
503 25.13
504 25.20
505 25.50
506 25.79
507 26.09
508 26.07
509 26.03
510 26.00
511 26.04
512 26.14
513 26.25
514 26.36
515 26.43
516 26.49
517 26.56
518 26.52
519 26.43
520 26.35
521 26.23
522 26.03
523 25.84
524 25.65
525 25.78
526 25.93
527 26.08
528 26.26
529 26.48
530 26.69
531 26.83
532 26.62
533 26.40
534 26.19
535 26.31
536 26.52
537 26.73
538 26.97
539 27.27
540 27.57
541 27.88
542 27.90
543 27.93
544 27.96
545 27.77
546 27.44
547 27.11
548 26.91
549 27.14
550 27.37
551 27.60
552 27.76
553 27.89
554 28.03
555 27.90
556 27.46
557 27.02
558 26.62
559 26.82
560 27.02
561 27.22
562 27.41
563 27.59
564 27.77
565 27.94
566 28.08
567 28.22
568 28.36
569 28.40
570 28.43
571 28.46
572 28.53
573 28.64
574 28.74
575 28.83
576 28.72
577 28.61
578 28.50
579 28.49
580 28.52
581 28.55
582 28.61
583 28.72
584 28.82
585 28.93
586 29.27
587 29.61
588 29.96
589 30.02
590 29.85
591 29.68
592 29.50
593 29.28
594 29.06
595 28.84
596 29.05
597 29.37
598 29.69
599 29.89
600 29.90
601 29.90
602 29.91
603 29.78
604 29.66
605 29.54
606 29.48
607 29.46
608 29.44
609 29.48
610 29.68
611 29.89
612 30.10
613 30.19
614 30.26
615 30.34
616 30.31
617 30.17
618 30.03
619 29.90
620 29.99
621 30.08
622 30.18
623 30.43
624 30.76
625 31.09
626 31.27
627 31.12
628 30.97
629 30.82
630 30.82
631 30.82
632 30.83
633 30.78
634 30.68
635 30.58
636 30.53
637 30.72
638 30.91
639 31.11
640 31.05
641 30.92
642 30.79
643 30.82
644 31.13
645 31.44
646 31.75
647 31.96
648 32.17
649 32.37
650 32.36
651 32.19
652 32.03
653 31.92
654 31.97
655 32.03
656 32.08
657 32.28
658 32.51
659 32.73
660 32.67
661 32.27
662 31.88
663 31.54
664 31.77
665 32.00
666 32.22
667 32.34
668 32.40
669 32.47
670 32.57
671 32.75
672 32.94
673 33.12
674 32.94
675 32.72
676 32.50
677 32.59
678 32.91
679 33.23
680 33.52
681 33.64
682 33.75
683 33.87
684 33.79
685 33.65
686 33.52
687 33.51
688 33.68
689 33.85
690 34.02
691 34.21
692 34.40
693 34.60
694 34.34
695 33.84
696 33.33
697 33.03
698 33.30
699 33.57
700 33.84
701 34.04
702 34.23
703 34.43
704 34.56
705 34.64
706 34.72
707 34.78
708 34.74
709 34.70
710 34.66
711 34.60
712 34.52
713 34.45
714 34.46
715 34.61
716 34.77
717 34.92
718 34.85
719 34.78
720 34.71
721 34.69
722 34.70
723 34.71
724 34.74
725 34.87
726 34.99
727 35.12
728 35.30
729 35.51
730 35.71
731 35.76
732 35.63
733 35.51
734 35.42
735 35.69
736 35.96
737 36.23
738 36.12
739 35.85
740 35.58
741 35.48
742 35.73
743 35.97
744 36.21
745 36.37
746 36.52
747 36.67
748 36.68
749 36.57
750 36.46
751 36.40
752 36.54
753 36.68
754 36.82
755 36.88
756 36.91
757 36.95
758 36.88
759 36.68
760 36.47
761 36.29
762 36.45
763 36.60
764 36.75
765 36.86
766 36.95
767 37.04
768 37.12
769 37.19
770 37.25
771 37.31
772 37.33
773 37.35
774 37.36
775 37.30
776 37.18
777 37.06
778 37.04
779 37.45
780 37.87
781 38.29
782 38.38
783 38.39
784 38.40
785 38.40
786 38.40
787 38.40
788 38.41
789 38.56
790 38.70
791 38.84
792 38.60
793 38.19
794 37.77
795 37.64
796 38.14
797 38.65
798 39.16
799 39.02
800 38.83
801 38.65
802 38.68
803 38.90
804 39.12
805 39.32
806 39.43
807 39.54
808 39.65
809 39.82
810 39.99
811 40.17
812 40.28
813 40.29
814 40.31
815 40.32
816 40.30
817 40.27
818 40.25
819 40.22
820 40.18
821 40.15
822 40.08
823 39.94
824 39.81
825 39.68
826 39.86
827 40.06
828 40.26
829 40.33
830 40.30
831 40.28
832 40.28
833 40.40
834 40.52
835 40.64
836 40.70
837 40.73
838 40.77
839 40.77
840 40.72
841 40.67
842 40.63
843 40.69
844 40.76
845 40.82
846 40.80
847 40.73
848 40.67
849 40.73
850 41.05
851 41.37
852 41.68
853 41.70
854 41.71
855 41.72
856 41.73
857 41.75
858 41.76
859 41.88
860 42.35
861 42.82
862 43.28
863 43.16
864 42.94
865 42.72
866 42.64
867 42.71
868 42.78
869 42.83
870 42.67
871 42.51
872 42.36
873 42.41
874 42.53
875 42.65
876 42.82
877 43.05
878 43.28
879 43.51
880 43.37
881 43.22
882 43.08
883 43.13
884 43.29
885 43.45
886 43.54
887 43.47
888 43.39
889 43.32
890 43.48
891 43.67
892 43.86
893 43.98
894 44.04
895 44.10
896 44.15
897 44.17
898 44.19
899 44.21
900 44.32
901 44.45
902 44.57
903 44.60
904 44.49
905 44.39
906 44.31
907 44.67
908 45.03
909 45.40
910 45.49
911 45.46
912 45.44
913 45.35
914 45.16
915 44.96
916 44.77
917 44.80
918 44.84
919 44.89
920 45.07
921 45.34
922 45.62
923 45.86
924 45.96
925 46.06
926 46.16
927 46.31
928 46.46
929 46.62
930 46.60
931 46.39
932 46.17
933 46.01
934 46.14
935 46.27
936 46.40
937 46.33
938 46.18
939 46.04
940 46.06
941 46.36
942 46.66
943 46.94
944 46.65
945 46.35
946 46.06
947 46.13
948 46.38
949 46.64
950 46.77
951 46.63
952 46.49
953 46.35
954 46.60
955 46.88
956 47.16
957 47.27
958 47.25
959 47.22
960 47.17
961 47.04
962 46.91
963 46.78
964 46.98
965 47.23
966 47.48
967 47.67
968 47.78
969 47.89
970 48.00
971 48.12
972 48.25
973 48.37
974 48.51
975 48.66
976 48.81
977 48.80
978 48.53
979 48.27
980 48.02
981 48.38
982 48.75
983 49.12
984 49.15
985 49.01
986 48.87
987 48.79
988 48.81
989 48.84
990 48.87
991 49.11
992 49.36
993 49.61
994 49.69
995 49.64
996 49.59
997 49.58
998 49.73
999 49.87
1000 50.01
1001 50.07
1002 50.11
1003 50.14
1004 50.16
1005 50.15
1006 50.14
1007 50.10
1008 49.78
1009 49.46
1010 49.13
1011 49.43
1012 49.93
1013 50.42
1014 50.70
1015 50.69
1016 50.67
1017 50.66
1018 50.75
1019 50.84
1020 50.94
1021 50.88
1022 50.77
1023 50.65
1024 50.54
1025 50.46
1026 50.38
1027 50.30
1028 50.61
1029 50.93
1030 51.25
1031 51.40
1032 51.44
1033 51.47
1034 51.57
1035 51.82
1036 52.09
1037 52.35
1038 52.44
1039 52.52
1040 52.59
1041 52.59
1042 52.54
1043 52.48
1044 52.42
1045 52.35
1046 52.29
1047 52.23
1048 52.19
1049 52.15
1050 52.12
1051 52.18
1052 52.35
1053 52.53
1054 52.69
1055 52.70
1056 52.71
1057 52.72
1058 52.93
1059 53.21
1060 53.49
1061 53.64
1062 53.55
1063 53.46
1064 53.37
1065 53.35
1066 53.32
1067 53.30
1068 53.32
1069 53.37
1070 53.42
1071 53.47
1072 53.52
1073 53.58
1074 53.63
1075 53.62
1076 53.61
1077 53.59
1078 53.71
1079 53.92
1080 54.13
1081 54.35
1082 54.60
1083 54.85
1084 55.10
1085 54.98
1086 54.81
1087 54.63
1088 54.65
1089 54.88
1090 55.10
1091 55.25
1092 55.04
1093 54.84
1094 54.63
1095 54.91
1096 55.31
1097 55.71
1098 55.86
1099 55.70
1100 55.54
1101 55.41
1102 55.48
1103 55.55
1104 55.62
1105 55.79
1106 56.00
1107 56.22
1108 56.29
1109 56.12
1110 55.95
1111 55.79
1112 55.98
1113 56.17
1114 56.37
1115 56.32
1116 56.16
1117 56.00
1118 55.95
1119 56.14
1120 56.33
1121 56.53
1122 56.77
1123 57.02
1124 57.26
1125 57.40
1126 57.46
1127 57.52
1128 57.54
1129 57.41
1130 57.28
1131 57.14
1132 57.34
1133 57.57
1134 57.80
1135 57.77
1136 57.52
1137 57.27
1138 57.11
1139 57.35
1140 57.58
1141 57.82
1142 57.88
1143 57.92
1144 57.95
1145 58.03
1146 58.15
1147 58.27
1148 58.37
1149 58.36
1150 58.34
1151 58.33
1152 58.38
1153 58.45
1154 58.52
1155 58.68
1156 58.95
1157 59.23
1158 59.47
1159 59.29
1160 59.12
1161 58.94
1162 58.98
1163 59.11
1164 59.23
1165 59.22
1166 58.97
1167 58.73
1168 58.49
1169 58.85
1170 59.22
1171 59.58
1172 59.79
1173 59.91
1174 60.03
1175 60.04
1176 59.80
1177 59.56
1178 59.33
1179 59.58
1180 59.85
1181 60.13
1182 60.35
1183 60.55
1184 60.74
1185 60.88
1186 60.84
1187 60.81
1188 60.77
1189 60.46
1190 60.13
1191 59.79
1192 60.01
1193 60.66
1194 61.32
1195 61.76
1196 61.44
1197 61.12
1198 60.80
1199 60.73
1200 60.71
1201 60.68
1202 60.92
1203 61.40
1204 61.88
1205 62.26
1206 62.11
1207 61.96
1208 61.81
1209 61.56
1210 61.29
1211 61.03
1212 60.97
1213 61.14
1214 61.31
1215 61.48
1216 61.69
1217 61.89
1218 62.10
1219 62.35
1220 62.61
1221 62.88
1222 62.93
1223 62.70
1224 62.48
1225 62.29
1226 62.52
1227 62.74
1228 62.97
1229 63.01
1230 62.99
1231 62.97
1232 63.13
1233 63.57
1234 64.01
1235 64.43
1236 64.14
1237 63.85
1238 63.57
1239 63.63
1240 63.85
1241 64.08
1242 64.22
1243 64.21
1244 64.20
1245 64.19
1246 64.58
1247 64.98
1248 65.37
1249 65.27
1250 64.91
1251 64.54
1252 64.29
1253 64.32
1254 64.35
1255 64.38
1256 64.61
1257 64.85
1258 65.09
1259 65.37
1260 65.66
1261 65.95
1262 66.10
1263 65.85
1264 65.59
1265 65.34
1266 65.54
1267 65.79
1268 66.04
1269 66.22
1270 66.34
1271 66.46
1272 66.57
1273 66.67
1274 66.78
1275 66.88
1276 66.72
1277 66.53
1278 66.33
1279 66.51
1280 67.02
1281 67.52
1282 67.85
1283 67.44
1284 67.03
1285 66.63
1286 66.47
1287 66.35
1288 66.23
1289 66.20
1290 66.25
1291 66.30
1292 66.45
1293 67.06
1294 67.68
1295 68.31
1296 68.17
1297 67.87
1298 67.56
1299 67.39
1300 67.37
1301 67.35
1302 67.35
1303 67.42
1304 67.50
1305 67.57
1306 67.80
1307 68.07
1308 68.34
1309 68.38
1310 68.13
1311 67.88
1312 67.69
1313 68.01
1314 68.34
1315 68.67
1316 68.92
1317 69.16
1318 69.39
1319 69.54
1320 69.58
1321 69.62
1322 69.64
1323 69.49
1324 69.33
1325 69.18
1326 69.29
1327 69.51
1328 69.73
1329 69.86
1330 69.85
1331 69.83
1332 69.82
1333 69.88
1334 69.93
1335 69.99
1336 70.22
1337 70.54
1338 70.85
1339 71.05
1340 71.06
1341 71.06
1342 71.06
1343 71.16
1344 71.25
1345 71.34
1346 71.35
1347 71.31
1348 71.28
1349 71.17
1350 70.94
1351 70.71
1352 70.48
1353 70.64
1354 70.79
1355 70.95
1356 71.27
1357 71.66
1358 72.05
1359 72.22
1360 71.95
1361 71.68
1362 71.40
1363 71.60
1364 71.80
1365 71.99
1366 72.23
1367 72.48
1368 72.73
1369 72.87
1370 72.79
1371 72.72
1372 72.64
1373 72.99
1374 73.37
1375 73.74
1376 73.58
1377 73.11
1378 72.64
1379 72.42
1380 72.83
1381 73.23
1382 73.64
1383 73.85
1384 74.06
1385 74.27
1386 74.25
1387 74.09
1388 73.92
1389 73.79
1390 73.74
1391 73.69
1392 73.64
1393 73.77
1394 73.91
1395 74.06
1396 74.19
1397 74.32
1398 74.45
1399 74.54
1400 74.51
1401 74.48
1402 74.45
1403 74.50
1404 74.56
1405 74.62
1406 74.66
1407 74.68
1408 74.70
1409 74.68
1410 74.52
1411 74.37
1412 74.21
1413 74.39
1414 74.59
1415 74.79
1416 74.79
1417 74.64
1418 74.49
1419 74.44
1420 74.68
1421 74.93
1422 75.17
1423 75.73
1424 76.33
1425 76.92
1426 77.09
1427 76.93
1428 76.78
1429 76.70
1430 76.82
1431 76.95
1432 77.07
1433 77.08
1434 77.07
1435 77.06
1436 76.98
1437 76.84
1438 76.71
1439 76.75
1440 77.40
1441 78.06
1442 78.72
1443 78.30
1444 77.75
1445 77.20
1446 77.03
1447 77.15
1448 77.28
1449 77.41
1450 77.57
1451 77.73
1452 77.89
1453 78.10
1454 78.30
1455 78.51
1456 78.58
1457 78.53
1458 78.48
1459 78.44
1460 78.45
1461 78.47
1462 78.48
1463 78.62
1464 78.77
1465 78.92
1466 78.99
1467 79.01
1468 79.03
1469 79.02
1470 78.88
1471 78.74
1472 78.60
1473 78.36
1474 78.11
1475 77.87
1476 78.06
1477 78.61
1478 79.16
1479 79.67
1480 80.03
1481 80.38
1482 80.74
1483 80.75
1484 80.72
1485 80.69
1486 80.65
1487 80.61
1488 80.57
1489 80.55
1490 80.57
1491 80.59
1492 80.61
1493 80.53
1494 80.45
1495 80.36
1496 80.68
1497 81.32
1498 81.97
1499 82.34
1500 81.79
1501 81.24
1502 80.70
1503 80.94
1504 81.27
1505 81.61
1506 81.72
1507 81.67
1508 81.62
1509 81.60
1510 81.66
1511 81.72
1512 81.78
1513 81.79
1514 81.80
1515 81.81
1516 82.09
1517 82.56
1518 83.02
1519 83.27
1520 82.87
1521 82.48
1522 82.08
1523 82.47
1524 82.92
1525 83.38
1526 83.44
1527 83.21
1528 82.98
1529 82.82
1530 82.85
1531 82.89
1532 82.92
1533 83.47
1534 84.06
1535 84.64
1536 84.66
1537 84.30
1538 83.95
1539 83.75
1540 84.00
1541 84.25
1542 84.50
1543 84.58
1544 84.65
1545 84.72
1546 84.65
1547 84.49
1548 84.33
1549 84.24
1550 84.30
1551 84.37
1552 84.43
1553 84.39
1554 84.34
1555 84.29
1556 84.41
1557 84.63
1558 84.85
1559 85.13
1560 85.55
1561 85.96
1562 86.37
1563 86.38
1564 86.37
1565 86.37
1566 86.08
1567 85.64
1568 85.20
1569 85.00
1570 85.35
1571 85.70
1572 86.05
1573 86.25
1574 86.46
1575 86.66
1576 86.70
1577 86.65
1578 86.61
1579 86.52
1580 86.35
1581 86.19
1582 86.03
1583 86.04
1584 86.05
1585 86.06
1586 86.18
1587 86.35
1588 86.51
1589 86.71
1590 86.96
1591 87.20
1592 87.45
1593 87.64
1594 87.84
1595 88.04
1596 87.92
1597 87.66
1598 87.41
1599 87.42
1600 87.86
1601 88.30
1602 88.70
1603 88.59
1604 88.48
1605 88.37
1606 88.34
1607 88.33
1608 88.33
1609 88.44
1610 88.71
1611 88.99
1612 89.21
1613 88.72
1614 88.25
1615 87.77
1616 88.10
1617 88.69
1618 89.29
1619 89.62
1620 89.60
1621 89.58
1622 89.58
1623 89.71
1624 89.84
1625 89.97
1626 90.24
1627 90.55
1628 90.87
1629 90.96
1630 90.81
1631 90.66
1632 90.52
1633 90.46
1634 90.41
1635 90.35
1636 90.09
1637 89.78
1638 89.47
1639 89.70
1640 90.48
1641 91.26
1642 91.89
1643 91.75
1644 91.61
1645 91.47
1646 91.49
1647 91.53
1648 91.57
1649 91.60
1650 91.62
1651 91.65
1652 91.67
1653 91.67
1654 91.67
1655 91.67
1656 91.79
1657 91.92
1658 92.05
1659 92.18
1660 92.29
1661 92.40
1662 92.40
1663 92.04
1664 91.69
1665 91.33
1666 91.59
1667 91.91
1668 92.23
1669 92.44
1670 92.58
1671 92.72
1672 92.86
1673 93.00
1674 93.14
1675 93.29
1676 93.38
1677 93.47
1678 93.56
1679 93.71
1680 93.89
1681 94.08
1682 94.11
1683 93.80
1684 93.49
1685 93.18
1686 93.30
1687 93.42
1688 93.54
1689 93.72
1690 93.92
1691 94.12
1692 94.30
1693 94.47
1694 94.63
1695 94.79
1696 94.96
1697 95.12
1698 95.29
1699 95.50
1700 95.72
1701 95.94
1702 95.93
1703 95.54
1704 95.15
1705 94.83
1706 95.41
1707 96.00
1708 96.58
1709 96.46
1710 96.11
1711 95.76
1712 95.73
1713 96.12
1714 96.51
1715 96.85
1716 96.76
1717 96.66
1718 96.56
1719 96.39
1720 96.20
1721 96.01
1722 96.12
1723 96.57
1724 97.02
1725 97.39
1726 97.29
1727 97.20
1728 97.10
1729 97.10
1730 97.13
1731 97.15
1732 97.18
1733 97.22
1734 97.25
1735 97.35
1736 97.69
1737 98.04
1738 98.38
1739 98.54
1740 98.67
1741 98.80
1742 98.82
1743 98.76
1744 98.69
1745 98.70
1746 98.94
1747 99.18
1748 99.42
1749 99.12
1750 98.77
1751 98.43
1752 98.48
1753 98.76
1754 99.05
1755 99.25
1756 99.21
1757 99.18
1758 99.15
1759 99.18
1760 99.22
1761 99.25
1762 99.16
1763 99.02
1764 98.87
1765 98.88
1766 99.17
1767 99.45
1768 99.74
1769 99.91
1770 100.08
1771 100.25
1772 100.38
1773 100.48
1774 100.58
1775 100.64
1776 100.63
1777 100.62
1778 100.61
1779 100.55
1780 100.50
1781 100.44
1782 100.46
1783 100.49
1784 100.52
1785 100.72
1786 101.11
1787 101.49
1788 101.83
1789 101.89
1790 101.95
1791 102.01
1792 101.98
1793 101.94
1794 101.89
1795 101.88
1796 101.91
1797 101.93
1798 102.01
1799 102.31
1800 102.61
1801 102.91
1802 102.76
1803 102.54
1804 102.33
1805 102.45
1806 102.80
1807 103.15
1808 103.45
1809 103.64
1810 103.82
1811 104.01
1812 104.12
1813 104.23
1814 104.34
1815 104.33
1816 104.26
1817 104.19
1818 104.15
1819 104.17
1820 104.19
1821 104.20
1822 104.21
1823 104.22
1824 104.23
1825 104.30
1826 104.41
1827 104.52
1828 104.57
1829 104.53
1830 104.48
1831 104.48
1832 105.00
1833 105.51
1834 106.02
1835 105.77
1836 105.29
1837 104.81
1838 104.58
1839 104.66
1840 104.73
1841 104.85
1842 105.23
1843 105.61
1844 105.99
1845 106.25
1846 106.48
1847 106.71
1848 106.64
1849 106.30
1850 105.96
1851 105.68
1852 105.59
1853 105.50
1854 105.41
1855 105.66
1856 105.95
1857 106.24
1858 106.27
1859 106.12
1860 105.96
1861 105.98
1862 106.48
1863 106.98
1864 107.47
1865 107.62
1866 107.75
1867 107.88
1868 107.84
1869 107.71
1870 107.58
1871 107.63
1872 108.01
1873 108.39
1874 108.74
1875 108.23
1876 107.71
1877 107.19
1878 107.10
1879 107.18
1880 107.25
1881 107.50
1882 108.00
1883 108.50
1884 108.96
1885 109.13
1886 109.29
1887 109.46
1888 109.37
1889 109.21
1890 109.05
1891 109.25
1892 109.83
1893 110.40
1894 110.79
1895 110.33
1896 109.87
1897 109.41
1898 109.52
1899 109.72
1900 109.91
1901 109.99
1902 109.98
1903 109.98
1904 109.98
1905 110.00
1906 110.02
1907 110.03
1908 110.21
1909 110.39
1910 110.57
1911 110.73
1912 110.88
1913 111.03
1914 111.06
1915 110.87
1916 110.68
1917 110.50
1918 110.93
1919 111.37
1920 111.80
1921 111.62
1922 111.20
1923 110.78
1924 110.65
1925 110.93
1926 111.20
1927 111.43
1928 111.28
1929 111.12
1930 110.97
1931 111.10
1932 111.30
1933 111.50
1934 111.56
1935 111.46
1936 111.37
1937 111.37
1938 111.75
1939 112.12
1940 112.50
1941 112.56
1942 112.57
1943 112.58
1944 112.60
1945 112.62
1946 112.64
1947 112.63
1948 112.51
1949 112.40
1950 112.28
1951 112.81
1952 113.34
1953 113.88
1954 113.95
1955 113.79
1956 113.63
1957 113.60
1958 113.80
1959 114.00
1960 114.19
1961 114.09
1962 114.00
1963 113.90
1964 113.98
1965 114.13
1966 114.27
1967 114.46
1968 114.69
1969 114.93
1970 115.16
1971 115.41
1972 115.65
1973 115.90
1974 116.18
1975 116.47
1976 116.76
1977 116.76
1978 116.50
1979 116.24
1980 115.99
1981 115.78
1982 115.57
1983 115.37
1984 115.61
1985 115.89
1986 116.17
1987 116.34
1988 116.45
1989 116.56
1990 116.48
1991 116.00
1992 115.52
1993 115.06
1994 115.67
1995 116.28
1996 116.89
1997 116.98
1998 116.87
1999 116.75
2000 116.84
2001 117.21
2002 117.58
2003 117.84
2004 117.30
2005 116.76
2006 116.22
2007 116.26
2008 116.45
2009 116.63
2010 116.96
2011 117.43
2012 117.90
2013 118.25
2014 118.14
2015 118.03
2016 117.92
2017 118.46
2018 119.06
2019 119.67
2020 119.78
2021 119.58
2022 119.39
2023 119.25
2024 119.24
2025 119.23
2026 119.22
2027 119.04
2028 118.85
2029 118.67
2030 118.89
2031 119.27
2032 119.65
2033 119.84
2034 119.72
2035 119.60
2036 119.51
2037 119.73
2038 119.95
2039 120.16
2040 119.94
2041 119.61
2042 119.27
2043 119.39
2044 119.95
2045 120.50
2046 120.89
2047 120.61
2048 120.32
2049 120.03
2050 120.35
2051 120.73
2052 121.12
2053 121.32
2054 121.40
2055 121.49
2056 121.54
2057 121.51
2058 121.49
2059 121.47
2060 121.43
2061 121.40
2062 121.36
2063 121.57
2064 121.88
2065 122.20
2066 122.53
2067 122.89
2068 123.26
2069 123.51
2070 122.78
2071 122.05
2072 121.32
2073 121.67
2074 122.28
2075 122.89
2076 123.25
2077 123.35
2078 123.46
2079 123.51
2080 123.36
2081 123.21
2082 123.06
2083 123.06
2084 123.07
2085 123.09
2086 123.11
2087 123.13
2088 123.16
2089 123.15
2090 123.05
2091 122.96
2092 122.89
2093 123.60
2094 124.31
2095 125.03
2096 125.01
2097 124.72
2098 124.42
2099 124.22
2100 124.13
2101 124.05
2102 124.05
2103 124.64
2104 125.22
2105 125.81
2106 125.77
2107 125.61
2108 125.45
2109 125.63
2110 126.09
2111 126.55
2112 126.87
2113 126.80
2114 126.73
2115 126.66
2116 126.53
2117 126.40
2118 126.26
2119 126.22
2120 126.23
2121 126.23
2122 126.26
2123 126.31
2124 126.37
2125 126.42
2126 126.37
2127 126.33
2128 126.28
2129 126.40
2130 126.58
2131 126.76
2132 127.00
2133 127.33
2134 127.66
2135 127.89
2136 127.62
2137 127.36
2138 127.10
2139 127.03
2140 126.97
2141 126.92
2142 127.19
2143 127.69
2144 128.20
2145 128.49
2146 128.28
2147 128.08
2148 127.88
2149 128.15
2150 128.43
2151 128.70
2152 128.84
2153 128.91
2154 128.98
2155 129.17
2156 129.53
2157 129.89
2158 130.19
2159 130.05
2160 129.92
2161 129.79
2162 129.67
2163 129.55
2164 129.43
2165 129.57
2166 129.93
2167 130.29
2168 130.48
2169 130.18
2170 129.87
2171 129.56
2172 129.48
2173 129.42
2174 129.36
2175 129.40
2176 129.48
2177 129.56
2178 129.78
2179 130.21
2180 130.65
2181 131.03
2182 130.77
2183 130.52
2184 130.26
2185 130.53
2186 130.95
2187 131.37
2188 131.70
2189 131.94
2190 132.17
2191 132.33
2192 132.15
2193 131.98
2194 131.80
2195 131.75
2196 131.70
2197 131.65
2198 131.68
2199 131.75
2200 131.82
2201 131.91
2202 132.07
2203 132.23
2204 132.39
2205 132.62
2206 132.85
2207 133.08
2208 133.16
2209 133.18
2210 133.20
2211 133.34
2212 133.62
2213 133.90
2214 134.10
2215 133.83
2216 133.57
2217 133.30
2218 133.82
2219 134.45
2220 135.08
2221 134.97
2222 134.32
2223 133.67
2224 133.21
2225 133.21
2226 133.21
2227 133.22
2228 133.84
2229 134.47
2230 135.09
2231 135.22
2232 135.16
2233 135.10
2234 135.25
2235 135.69
2236 136.13
2237 136.45
2238 135.99
2239 135.52
2240 135.06
2241 135.19
2242 135.43
2243 135.66
2244 135.59
2245 135.26
2246 134.93
2247 134.80
2248 135.18
2249 135.56
2250 135.94
2251 135.73
2252 135.52
2253 135.30
2254 135.58
2255 136.09
2256 136.59
2257 136.77
2258 136.48
2259 136.18
2260 135.90
2261 135.75
2262 135.60
2263 135.45
2264 135.70
2265 136.03
2266 136.36
2267 136.57
2268 136.70
2269 136.82
2270 137.00
2271 137.33
2272 137.66
2273 137.99
2274 137.99
2275 137.98
2276 137.97
2277 137.86
2278 137.70
2279 137.54
2280 137.57
2281 137.90
2282 138.23
2283 138.50
2284 138.27
2285 138.04
2286 137.81
2287 137.79
2288 137.81
2289 137.83
2290 138.07
2291 138.50
2292 138.93
2293 139.36
2294 139.77
2295 140.18
2296 140.59
2297 140.03
2298 139.43
2299 138.83
2300 138.97
2301 139.45
2302 139.93
2303 139.98
2304 139.35
2305 138.73
2306 138.25
2307 138.99
2308 139.73
2309 140.47
2310 140.15
2311 139.61
2312 139.07
2313 139.31
2314 140.21
2315 141.11
2316 141.68
2317 141.29
2318 140.90
2319 140.51
2320 140.56
2321 140.63
2322 140.70
2323 140.61
2324 140.46
2325 140.30
2326 140.41
2327 140.89
2328 141.39
2329 141.83
2330 141.96
2331 142.08
2332 142.21
2333 142.23
2334 142.24
2335 142.24
2336 142.27
2337 142.33
2338 142.39
2339 142.33
2340 141.94
2341 141.55
2342 141.16
2343 141.51
2344 141.87
2345 142.23
2346 142.73
2347 143.29
2348 143.85
2349 143.90
2350 143.23
2351 142.55
2352 142.03
2353 142.48
2354 142.93
2355 143.38
2356 143.33
2357 143.19
2358 143.06
2359 143.18
2360 143.49
2361 143.81
2362 144.08
2363 144.27
2364 144.47
2365 144.65
2366 144.39
2367 144.13
2368 143.87
2369 143.98
2370 144.24
2371 144.50
2372 144.62
2373 144.58
2374 144.54
2375 144.46
2376 144.14
2377 143.83
2378 143.51
2379 143.97
2380 144.53
2381 145.10
2382 145.50
2383 145.79
2384 146.09
2385 146.30
2386 146.36
2387 146.41
2388 146.44
2389 145.96
2390 145.47
2391 144.98
2392 145.31
2393 145.91
2394 146.51
2395 146.73
2396 146.55
2397 146.37
2398 146.25
2399 146.40
2400 146.54
2401 146.69
2402 146.79
2403 146.89
2404 146.98
2405 146.79
2406 146.44
2407 146.09
2408 145.95
2409 146.21
2410 146.46
2411 146.73
2412 147.16
2413 147.60
2414 148.03
2415 148.61
2416 149.23
2417 149.85
2418 149.90
2419 149.44
2420 148.98
2421 148.64
2422 148.67
2423 148.70
2424 148.73
2425 148.43
2426 148.12
2427 147.80
2428 148.26
2429 149.08
2430 149.90
2431 150.32
2432 150.15
2433 149.98
2434 149.81
2435 149.60
2436 149.39
2437 149.18
2438 149.56
2439 150.05
2440 150.53
2441 150.74
2442 150.74
2443 150.74
2444 150.71
2445 150.62
2446 150.52
2447 150.43
2448 150.50
2449 150.57
2450 150.65
2451 150.66
2452 150.65
2453 150.65
2454 150.82
2455 151.19
2456 151.57
2457 151.95
2458 152.39
2459 152.82
2460 153.25
2461 152.83
2462 152.31
2463 151.79
2464 151.46
2465 151.23
2466 151.00
2467 150.90
2468 151.06
2469 151.22
2470 151.40
2471 151.81
2472 152.22
2473 152.64
2474 152.91
2475 153.14
2476 153.38
2477 153.40
2478 153.23
2479 153.06
2480 152.96
2481 153.06
2482 153.16
2483 153.26
2484 153.50
2485 153.74
2486 153.98
2487 154.01
2488 153.96
2489 153.91
2490 153.76
2491 153.49
2492 153.21
2493 153.07
2494 153.67
2495 154.26
2496 154.86
2497 154.77
2498 154.59
2499 154.41
2500 154.58
2501 154.98
2502 155.38
2503 155.49
2504 154.98
2505 154.46
2506 153.98
2507 154.06
2508 154.15
2509 154.23
2510 154.70
2511 155.29
2512 155.87
2513 156.10
2514 155.99
2515 155.89
2516 155.79
2517 155.71
2518 155.64
2519 155.56
2520 155.75
2521 155.94
2522 156.14
2523 156.18
2524 156.16
2525 156.14
2526 156.22
2527 156.43
2528 156.65
2529 156.82
2530 156.75
2531 156.67
2532 156.59
2533 156.86
2534 157.19
2535 157.52
2536 157.83
2537 158.11
2538 158.40
2539 158.48
2540 158.14
2541 157.80
2542 157.49
2543 157.69
2544 157.90
2545 158.11
2546 158.21
2547 158.28
2548 158.35
2549 158.27
2550 158.04
2551 157.81
2552 157.62
2553 157.59
2554 157.56
2555 157.53
2556 157.82
2557 158.13
2558 158.44
2559 158.66
2560 158.83
2561 159.00
2562 159.05
2563 158.94
2564 158.83
2565 158.83
2566 159.41
2567 160.00
2568 160.59
2569 160.51
2570 160.34
2571 160.17
2572 159.78
2573 159.24
2574 158.70
2575 158.51
2576 159.01
2577 159.51
2578 159.96
2579 159.63
2580 159.31
2581 158.98
2582 159.35
2583 159.89
2584 160.43
2585 160.40
2586 159.83
2587 159.27
2588 158.97
2589 159.48
2590 159.99
2591 160.49
2592 160.72
2593 160.95
2594 161.18
2595 161.54
2596 161.95
2597 162.36
2598 162.46
2599 162.17
2600 161.89
2601 161.65
2602 161.63
2603 161.62
2604 161.61
2605 161.68
2606 161.77
2607 161.85
2608 162.15
2609 162.58
2610 163.01
2611 163.06
2612 162.43
2613 161.81
2614 161.31
2615 161.87
2616 162.44
2617 163.01
2618 163.01
2619 162.91
2620 162.80
2621 162.91
2622 163.18
2623 163.45
2624 163.64
2625 163.66
2626 163.68
2627 163.72
2628 164.22
2629 164.73
2630 165.23
2631 165.27
2632 165.18
2633 165.09
2634 164.77
2635 164.21
2636 163.65
2637 163.31
2638 163.69
2639 164.07
2640 164.45
2641 164.72
2642 164.98
2643 165.25
2644 165.41
2645 165.53
2646 165.64
2647 165.71
2648 165.71
2649 165.72
2650 165.71
2651 165.68
2652 165.65
2653 165.61
2654 164.99
2655 164.30
2656 163.60
2657 163.79
2658 164.51
2659 165.23
2660 165.82
2661 166.19
2662 166.56
2663 166.89
2664 166.81
2665 166.74
2666 166.67
2667 166.57
2668 166.48
2669 166.38
2670 166.59
2671 167.04
2672 167.48
2673 167.68
2674 167.29
2675 166.91
2676 166.55
2677 166.78
2678 167.01
2679 167.25
2680 167.51
2681 167.78
2682 168.04
2683 167.92
2684 167.40
2685 166.88
2686 166.54
2687 166.75
2688 166.95
2689 167.16
2690 167.82
2691 168.49
2692 169.16
2693 168.96
2694 168.39
2695 167.82
2696 167.59
2697 167.78
2698 167.97
2699 168.15
2700 168.33
2701 168.51
2702 168.69
2703 168.82
2704 168.95
2705 169.08
2706 169.17
2707 169.25
2708 169.33
2709 169.35
2710 169.26
2711 169.17
2712 169.19
2713 169.96
2714 170.72
2715 171.48
2716 170.63
2717 169.52
2718 168.41
2719 168.12
2720 168.36
2721 168.60
2722 169.00
2723 169.72
2724 170.43
2725 171.12
2726 171.45
2727 171.77
2728 172.10
2729 171.91
2730 171.60
2731 171.30
2732 171.24
2733 171.37
2734 171.50
2735 171.58
2736 171.56
2737 171.53
2738 171.52
2739 171.76
2740 172.00
2741 172.24
2742 172.61
2743 173.04
2744 173.46
2745 173.57
2746 173.37
2747 173.18
2748 173.07
2749 173.27
2750 173.47
2751 173.67
2752 173.03
2753 172.37
2754 171.72
2755 171.80
2756 172.18
2757 172.55
2758 172.60
2759 172.28
2760 171.96
2761 171.88
2762 172.76
2763 173.63
2764 174.51
2765 173.58
2766 172.53
2767 171.49
2768 171.59
2769 172.24
2770 172.89
2771 173.33
2772 173.47
2773 173.61
2774 173.68
2775 173.31
2776 172.95
2777 172.59
2778 173.49
2779 174.52
2780 175.56
2781 175.85
2782 175.71
2783 175.57
2784 175.43
2785 175.27
2786 175.12
2787 174.99
2788 175.01
2789 175.04
2790 175.06
2791 175.03
2792 174.99
2793 174.95
2794 175.19
2795 175.60
2796 176.01
2797 176.34
2798 176.51
2799 176.68
2800 176.80
2801 176.51
2802 176.22
2803 175.92
2804 176.04
2805 176.23
2806 176.43
2807 176.48
2808 176.41
2809 176.34
2810 176.36
2811 176.57
2812 176.78
2813 176.98
2814 177.05
2815 177.11
2816 177.17
2817 177.13
2818 177.06
2819 176.99
2820 176.98
2821 177.02
2822 177.05
2823 177.18
2824 177.53
2825 177.89
2826 178.24
2827 178.13
2828 178.03
2829 177.92
2830 178.08
2831 178.33
2832 178.58
2833 178.34
2834 177.62
2835 176.91
2836 176.64
2837 177.73
2838 178.81
2839 179.88
2840 180.11
2841 180.34
2842 180.56
2843 180.09
2844 179.37
2845 178.64
2846 178.09
2847 177.72
2848 177.34
2849 177.21
2850 177.90
2851 178.59
2852 179.28
2853 179.39
2854 179.48
2855 179.58
2856 179.55
2857 179.48
2858 179.40
2859 179.40
2860 179.48
2861 179.56
2862 179.76
2863 180.42
2864 181.07
2865 181.74
2866 181.28
2867 180.76
2868 180.24
2869 180.00
2870 179.89
2871 179.77
2872 179.88
2873 180.30
2874 180.71
2875 181.08
2876 181.23
2877 181.39
2878 181.55
2879 182.01
2880 182.50
2881 182.99
2882 182.52
2883 181.58
2884 180.65
2885 180.18
2886 180.35
2887 180.53
2888 180.80
2889 181.58
2890 182.36
2891 183.14
2892 183.02
2893 182.82
2894 182.63
2895 182.65
2896 182.79
2897 182.93
2898 183.07
2899 183.23
2900 183.39
2901 183.51
2902 183.47
2903 183.43
2904 183.39
2905 182.82
2906 182.19
2907 181.56
2908 181.77
2909 182.46
2910 183.15
2911 183.39
2912 182.93
2913 182.46
2914 182.13
2915 182.59
2916 183.05
2917 183.51
2918 183.90
2919 184.28
2920 184.66
2921 184.39
2922 183.73
2923 183.09
2924 182.96
2925 183.69
2926 184.42
2927 184.98
2928 184.34
2929 183.70
2930 183.06
2931 183.44
2932 183.96
2933 184.48
2934 184.71
2935 184.77
2936 184.83
2937 184.98
2938 185.30
2939 185.62
2940 185.91
2941 186.05
2942 186.19
2943 186.33
2944 185.85
2945 185.27
2946 184.70
2947 184.77
2948 185.25
2949 185.73
2950 185.89
2951 185.49
2952 185.10
2953 184.80
2954 185.22
2955 185.65
2956 186.07
2957 186.02
2958 185.89
2959 185.77
2960 185.70
2961 185.67
2962 185.64
2963 185.65
2964 185.71
2965 185.78
2966 185.91
2967 186.54
2968 187.17
2969 187.81
2970 187.40
2971 186.83
2972 186.25
2973 186.16
2974 186.35
2975 186.55
2976 186.89
2977 187.48
2978 188.08
2979 188.49
2980 187.48
2981 186.48
2982 185.47
2983 186.33
2984 187.49
2985 188.64
2986 188.90
2987 188.62
2988 188.33
2989 188.22
2990 188.38
2991 188.55
2992 188.72
2993 188.85
2994 188.99
2995 189.12
2996 189.39
2997 189.67
2998 189.96
2999 189.61
3000 188.88
3001 188.15
3002 187.99
3003 188.77
3004 189.55
3005 190.21
3006 190.05
3007 189.89
3008 189.73
3009 189.78
3010 189.87
3011 189.95
3012 189.95
3013 189.91
3014 189.86
3015 189.90
3016 190.08
3017 190.26
3018 190.44
3019 190.67
3020 190.90
3021 191.13
3022 191.25
3023 191.36
3024 191.46
3025 191.43
3026 191.32
3027 191.21
3028 191.03
3029 190.75
3030 190.46
3031 190.31
3032 190.84
3033 191.38
3034 191.92
3035 191.84
3036 191.70
3037 191.55
3038 191.74
3039 192.10
3040 192.46
3041 192.90
3042 193.45
3043 194.00
3044 194.38
3045 193.91
3046 193.46
3047 193.00
3048 192.59
3049 192.18
3050 191.78
3051 191.78
3052 191.98
3053 192.17
3054 192.59
3055 193.30
3056 194.02
3057 194.60
3058 194.59
3059 194.58
3060 194.58
3061 194.05
3062 193.48
3063 192.90
3064 192.99
3065 193.37
3066 193.74
3067 193.89
3068 193.74
3069 193.60
3070 193.47
3071 193.38
3072 193.28
3073 193.19
3074 193.31
3075 193.43
3076 193.56
3077 193.75
3078 193.96
3079 194.17
3080 194.30
3081 194.34
3082 194.38
3083 194.50
3084 194.88
3085 195.26
3086 195.64
3087 195.34
3088 195.03
3089 194.72
3090 194.99
3091 195.47
3092 195.95
3093 196.00
3094 195.59
3095 195.19
3096 194.93
3097 195.15
3098 195.37
3099 195.59
3100 195.60
3101 195.62
3102 195.64
3103 195.55
3104 195.42
3105 195.29
3106 195.19
3107 195.12
3108 195.05
3109 195.15
3110 195.72
3111 196.28
3112 196.84
3113 197.20
3114 197.57
3115 197.93
3116 197.85
3117 197.67
3118 197.48
3119 197.87
3120 198.74
3121 199.60
3122 199.85
3123 198.68
3124 197.51
3125 196.43
3126 196.61
3127 196.80
3128 196.99
3129 196.98
3130 196.94
3131 196.89
3132 196.84
3133 196.79
3134 196.73
3135 196.91
3136 197.54
3137 198.17
3138 198.78
3139 199.20
3140 199.62
3141 200.04
3142 199.79
3143 199.43
3144 199.07
3145 198.54
3146 197.91
3147 197.28
3148 197.23
3149 198.17
3150 199.10
3151 199.90
3152 199.86
3153 199.83
3154 199.79
3155 200.01
3156 200.27
3157 200.53
3158 200.69
3159 200.80
3160 200.91
3161 200.77
3162 200.31
3163 199.84
3164 199.54
3165 200.00
3166 200.46
3167 200.93
3168 201.49
3169 202.07
3170 202.64
3171 202.27
3172 201.49
3173 200.72
3174 200.37
3175 200.54
3176 200.72
3177 200.96
3178 201.49
3179 202.02
3180 202.55
3181 202.41
3182 202.26
3183 202.11
3184 202.04
3185 202.00
3186 201.96
3187 201.80
3188 201.50
3189 201.21
3190 201.11
3191 201.58
3192 202.06
3193 202.53
3194 202.89
3195 203.25
3196 203.61
3197 203.42
3198 203.07
3199 202.72
3200 202.83
3201 203.31
3202 203.79
3203 204.11
3204 204.02
3205 203.94
3206 203.82
3207 203.31
3208 202.80
3209 202.29
3210 202.32
3211 202.47
3212 202.62
3213 202.96
3214 203.43
3215 203.91
3216 204.12
3217 203.84
3218 203.56
3219 203.28
3220 202.99
3221 202.71
3222 202.43
3223 202.45
3224 202.51
3225 202.56
3226 202.90
3227 203.41
3228 203.91
3229 204.17
3230 204.08
3231 203.99
3232 203.87
3233 203.66
3234 203.44
3235 203.22
3236 203.88
3237 204.60
3238 205.33
3239 205.52
3240 205.47
3241 205.42
3242 205.15
3243 204.62
3244 204.08
3245 203.80
3246 204.43
3247 205.05
3248 205.67
3249 205.53
3250 205.38
3251 205.23
3252 205.10
3253 204.97
3254 204.85
3255 204.92
3256 205.17
3257 205.42
3258 205.55
3259 205.35
3260 205.14
3261 204.97
3262 205.42
3263 205.86
3264 206.31
3265 206.24
3266 206.06
3267 205.88
3268 205.91
3269 206.10
3270 206.28
3271 206.65
3272 207.37
3273 208.08
3274 208.69
3275 208.41
3276 208.12
3277 207.84
3278 207.21
3279 206.53
3280 205.85
3281 205.90
3282 206.37
3283 206.84
3284 207.19
3285 207.36
3286 207.54
3287 207.65
3288 207.51
3289 207.36
3290 207.21
3291 207.52
3292 207.86
3293 208.20
3294 207.98
3295 207.52
3296 207.07
3297 207.22
3298 208.06
3299 208.90
3300 209.55
3301 209.57
3302 209.59
3303 209.61
3304 209.62
3305 209.63
3306 209.64
3307 209.82
3308 210.06
3309 210.29
3310 210.82
3311 211.59
3312 212.37
3313 212.55
3314 211.35
3315 210.16
3316 209.04
3317 208.93
3318 208.83
3319 208.72
3320 208.67
3321 208.63
3322 208.59
3323 209.00
3324 209.69
3325 210.38
3326 210.76
3327 210.64
3328 210.52
3329 210.44
3330 210.66
3331 210.88
3332 211.09
3333 211.13
3334 211.15
3335 211.16
3336 211.31
3337 211.52
3338 211.72
3339 211.79
3340 211.69
3341 211.59
3342 211.51
3343 211.48
3344 211.45
3345 211.41
3346 211.56
3347 211.71
3348 211.86
3349 211.84
3350 211.76
3351 211.68
3352 211.70
3353 211.81
3354 211.92
3355 212.08
3356 212.34
3357 212.60
3358 212.84
3359 212.75
3360 212.66
3361 212.57
3362 212.51
3363 212.45
3364 212.39
3365 212.30
3366 212.19
3367 212.08
3368 212.34
3369 213.21
3370 214.08
3371 214.68
3372 213.67
3373 212.67
3374 211.67
3375 212.47
3376 213.44
3377 214.42
3378 214.48
3379 214.12
3380 213.75
3381 213.81
3382 214.38
3383 214.95
3384 215.34
3385 215.07
3386 214.80
3387 214.53
3388 214.57
3389 214.61
3390 214.64
3391 214.24
3392 213.71
3393 213.17
3394 213.40
3395 214.28
3396 215.16
3397 215.77
3398 215.79
3399 215.82
3400 215.86
3401 216.11
3402 216.36
3403 216.62
3404 216.55
3405 216.43
3406 216.30
3407 216.67
3408 217.33
3409 218.00
3410 217.93
3411 216.74
3412 215.55
3413 214.63
3414 215.02
3415 215.41
3416 215.79
3417 215.71
3418 215.60
3419 215.49
3420 215.80
3421 216.27
3422 216.74
3423 216.84
3424 216.54
3425 216.25
3426 216.10
3427 216.38
3428 216.65
3429 216.90
3430 216.43
3431 215.95
3432 215.48
3433 216.05
3434 216.88
3435 217.71
3436 217.67
3437 217.00
3438 216.32
3439 215.80
3440 215.56
3441 215.31
3442 215.21
3443 216.01
3444 216.82
3445 217.63
3446 217.34
3447 216.93
3448 216.52
3449 216.57
3450 216.83
3451 217.09
3452 217.26
3453 217.32
3454 217.39
3455 217.50
3456 217.80
3457 218.10
3458 218.40
3459 218.05
3460 217.70
3461 217.35
3462 217.35
3463 217.45
3464 217.55
3465 217.87
3466 218.37
3467 218.87
3468 219.25
3469 219.37
3470 219.49
3471 219.56
3472 219.25
3473 218.93
3474 218.61
3475 218.21
3476 217.80
3477 217.40
3478 217.93
3479 218.98
3480 220.04
3481 220.48
3482 220.08
3483 219.68
3484 219.44
3485 219.85
3486 220.26
3487 220.67
3488 220.84
3489 221.00
3490 221.17
3491 220.92
3492 220.53
3493 220.14
3494 219.88
3495 219.73
3496 219.57
3497 219.52
3498 219.71
3499 219.89
3500 220.07
3501 220.20
3502 220.33
3503 220.46
3504 220.30
3505 220.08
3506 219.86
3507 220.11
3508 220.63
3509 221.15
3510 221.29
3511 220.89
3512 220.48
3513 220.28
3514 221.00
3515 221.72
3516 222.45
3517 222.31
3518 222.13
3519 221.96
3520 221.85
3521 221.77
3522 221.69
3523 221.55
3524 221.35
3525 221.16
3526 220.93
3527 220.61
3528 220.30
3529 220.04
3530 220.49
3531 220.94
3532 221.40
3533 221.75
3534 222.08
3535 222.42
3536 222.35
3537 222.03
3538 221.72
3539 221.63
3540 221.88
3541 222.13
3542 222.35
3543 222.44
3544 222.52
3545 222.61
3546 222.71
3547 222.82
3548 222.92
3549 223.26
3550 223.68
3551 224.10
3552 224.31
3553 224.32
3554 224.34
3555 224.19
3556 223.61
3557 223.03
3558 222.51
3559 222.69
3560 222.87
3561 223.05
3562 223.19
3563 223.34
3564 223.48
3565 223.42
3566 223.26
3567 223.10
3568 223.17
3569 223.58
3570 223.99
3571 224.34
3572 224.43
3573 224.52
3574 224.61
3575 224.54
3576 224.46
3577 224.39
3578 224.36
3579 224.36
3580 224.35
3581 224.18
3582 223.87
3583 223.56
3584 223.50
3585 223.98
3586 224.47
3587 224.92
3588 225.09
3589 225.26
3590 225.44
3591 225.81
3592 226.22
3593 226.63
3594 226.71
3595 226.64
3596 226.56
3597 226.13
3598 225.26
3599 224.40
3600 224.02
3601 225.34
3602 226.66
3603 227.98
3604 227.56
3605 227.14
3606 226.72
3607 226.89
3608 227.22
3609 227.55
3610 227.98
3611 228.47
3612 228.97
3613 229.07
3614 228.46
3615 227.85
3616 227.36
3617 227.70
3618 228.05
3619 228.39
3620 228.75
3621 229.11
3622 229.47
3623 229.09
3624 228.39
3625 227.68
3626 227.86
3627 229.03
3628 230.19
3629 230.81
3630 229.85
3631 228.89
3632 227.99
3633 228.67
3634 229.35
3635 230.03
3636 229.11
3637 227.84
3638 226.56
3639 226.06
3640 226.07
3641 226.08
3642 226.49
3643 227.53
3644 228.57
3645 229.43
3646 229.42
3647 229.41
3648 229.40
3649 228.47
3650 227.50
3651 226.53
3652 226.38
3653 226.52
3654 226.66
3655 227.06
3656 227.69
3657 228.32
3658 228.92
3659 229.43
3660 229.94
3661 230.39
3662 230.27
3663 230.15
3664 230.02
3665 229.82
3666 229.62
3667 229.42
3668 229.61
3669 230.01
3670 230.40
3671 230.64
3672 230.67
3673 230.71
3674 230.56
3675 229.80
3676 229.04
3677 228.31
3678 229.60
3679 230.89
3680 232.20
3681 232.23
3682 231.96
3683 231.68
3684 231.30
3685 230.85
3686 230.40
3687 230.31
3688 230.83
3689 231.35
3690 231.84
3691 232.12
3692 232.40
3693 232.67
3694 231.54
3695 230.31
3696 229.09
3697 229.60
3698 230.75
3699 231.90
3700 232.40
3701 232.28
3702 232.15
3703 232.13
3704 232.33
3705 232.52
3706 232.72
3707 232.89
3708 233.07
3709 233.24
3710 233.53
3711 233.84
3712 234.16
3713 234.16
3714 234.01
3715 233.86
3716 233.54
3717 233.02
3718 232.50
3719 232.13
3720 232.29
3721 232.44
3722 232.60
3723 233.00
3724 233.39
3725 233.79
3726 233.62
3727 233.31
3728 233.00
3729 232.89
3730 232.92
3731 232.94
3732 232.82
3733 232.46
3734 232.10
3735 231.91
3736 232.56
3737 233.21
3738 233.87
3739 234.26
3740 234.63
3741 235.01
3742 234.58
3743 233.88
3744 233.18
3745 232.62
3746 232.18
3747 231.74
3748 231.60
3749 232.09
3750 232.58
3751 233.09
3752 233.67
3753 234.25
3754 234.83
3755 234.61
3756 234.30
3757 233.98
3758 234.18
3759 234.61
3760 235.04
3761 235.59
3762 236.27
3763 236.95
3764 237.28
3765 236.62
3766 235.96
3767 235.36
3768 236.05
3769 236.73
3770 237.41
3771 237.42
3772 237.31
3773 237.20
3774 236.92
3775 236.54
3776 236.17
3777 235.75
3778 235.26
3779 234.77
3780 234.32
3781 234.05
3782 233.77
3783 233.49
3784 233.64
3785 233.80
3786 233.96
3787 234.77
3788 235.77
3789 236.76
3790 237.07
3791 236.89
3792 236.71
3793 236.81
3794 237.39
3795 237.98
3796 238.31
3797 237.36
3798 236.40
3799 235.44
3800 235.99
3801 236.61
3802 237.23
3803 237.37
3804 237.34
3805 237.30
3806 237.48
3807 237.85
3808 238.21
3809 238.60
3810 239.03
3811 239.46
3812 239.83
3813 239.69
3814 239.54
3815 239.40
3816 238.72
3817 237.99
3818 237.25
3819 237.46
3820 238.08
3821 238.70
3822 238.29
3823 236.81
3824 235.32
3825 234.56
3826 235.66
3827 236.78
3828 237.84
3829 238.21
3830 238.58
3831 238.95
3832 238.81
3833 238.59
3834 238.36
3835 238.49
3836 238.80
3837 239.11
3838 239.73
3839 240.75
3840 241.77
3841 242.41
3842 241.84
3843 241.27
3844 240.71
3845 240.44
3846 240.16
3847 239.88
3848 239.53
3849 239.17
3850 238.80
3851 238.93
3852 239.36
3853 239.79
3854 240.14
3855 240.37
3856 240.60
3857 240.75
3858 240.55
3859 240.36
3860 240.16
3861 240.25
3862 240.34
3863 240.43
3864 239.90
3865 239.21
3866 238.51
3867 238.19
3868 238.14
3869 238.09
3870 238.41
3871 239.35
3872 240.29
3873 241.14
3874 241.63
3875 242.11
3876 242.59
3877 241.93
3878 241.23
3879 240.51
3880 239.91
3881 239.33
3882 238.76
3883 239.09
3884 240.14
3885 241.20
3886 241.90
3887 241.92
3888 241.93
3889 241.99
3890 242.24
3891 242.50
3892 242.76
3893 242.52
3894 242.25
3895 241.98
3896 241.82
3897 241.70
3898 241.58
3899 241.54
3900 241.57
3901 241.61
3902 241.63
3903 241.64
3904 241.64
3905 241.73
3906 242.44
3907 243.15
3908 243.86
3909 243.39
3910 242.80
3911 242.22
3912 242.12
3913 242.21
3914 242.31
3915 241.85
3916 240.84
3917 239.82
3918 239.58
3919 241.14
3920 242.70
3921 243.99
3922 242.72
3923 241.45
3924 240.18
3925 241.09
3926 242.24
3927 243.40
3928 243.82
3929 243.93
3930 244.04
3931 243.82
3932 243.27
3933 242.72
3934 242.46
3935 242.92
3936 243.39
3937 243.80
3938 243.60
3939 243.39
3940 243.18
3941 243.52
3942 243.93
3943 244.34
3944 244.41
3945 244.32
3946 244.22
3947 243.87
3948 243.23
3949 242.58
3950 242.38
3951 243.39
3952 244.39
3953 245.30
3954 244.85
3955 244.40
3956 243.95
3957 244.66
3958 245.56
3959 246.46
3960 246.59
3961 246.34
3962 246.08
3963 245.90
3964 245.81
3965 245.71
3966 245.72
3967 246.04
3968 246.35
3969 246.61
3970 245.87
3971 245.13
3972 244.40
3973 244.34
3974 244.40
3975 244.46
3976 245.24
3977 246.41
3978 247.59
3979 247.80
3980 246.83
3981 245.85
3982 245.38
3983 246.39
3984 247.40
3985 248.30
3986 247.12
3987 245.94
3988 244.75
3989 245.24
3990 246.04
3991 246.84
3992 246.68
3993 245.99
3994 245.31
3995 245.33
3996 246.22
3997 247.12
3998 247.62
3999 246.94
4000 246.27
