200.0 0.030
200.1 0.030
200.2 0.031
200.3 0.031
200.4 0.032
200.5 0.032
200.6 0.033
200.7 0.033
200.8 0.033
200.9 0.034
201.0 0.034
201.1 0.035
201.2 0.035
201.3 0.035
201.4 0.036
201.5 0.036
201.6 0.037
201.7 0.037
201.8 0.038
201.9 0.038
202.0 0.038
202.1 0.039
202.2 0.039
202.3 0.040
202.4 0.040
202.5 0.040
202.6 0.041
202.7 0.041
202.8 0.042
202.9 0.042
203.0 0.043
203.1 0.043
203.2 0.043
203.3 0.044
203.4 0.044
203.5 0.045
203.6 0.045
203.7 0.046
203.8 0.046
203.9 0.046
204.0 0.047
204.1 0.047
204.2 0.048
204.3 0.048
204.4 0.048
204.5 0.049
204.6 0.049
204.7 0.050
204.8 0.050
204.9 0.051
205.0 0.051
205.1 0.051
205.2 0.052
205.3 0.052
205.4 0.053
205.5 0.053
205.6 0.054
205.7 0.054
205.8 0.055
205.9 0.055
206.0 0.056
206.1 0.056
206.2 0.057
206.3 0.057
206.4 0.058
206.5 0.058
206.6 0.059
206.7 0.059
206.8 0.060
206.9 0.060
207.0 0.061
207.1 0.061
207.2 0.062
207.3 0.062
207.4 0.063
207.5 0.063
207.6 0.063
207.7 0.064
207.8 0.064
207.9 0.065
208.0 0.065
208.1 0.066
208.2 0.066
208.3 0.067
208.4 0.067
208.5 0.068
208.6 0.068
208.7 0.069
208.8 0.069
208.9 0.070
209.0 0.070
209.1 0.071
209.2 0.071
209.3 0.072
209.4 0.072
209.5 0.073
209.6 0.073
209.7 0.074
209.8 0.074
209.9 0.075
210.0 0.075
210.1 0.075
210.2 0.076
210.3 0.076
210.4 0.077
210.5 0.077
210.6 0.077
210.7 0.078
210.8 0.078
210.9 0.079
211.0 0.079
211.1 0.079
211.2 0.080
211.3 0.080
211.4 0.081
211.5 0.081
211.6 0.081
211.7 0.082
211.8 0.082
211.9 0.083
212.0 0.083
212.1 0.083
212.2 0.084
212.3 0.084
212.4 0.085
212.5 0.085
212.6 0.085
212.7 0.086
212.8 0.086
212.9 0.087
213.0 0.087
213.1 0.087
213.2 0.088
213.3 0.088
213.4 0.089
213.5 0.089
213.6 0.089
213.7 0.090
213.8 0.090
213.9 0.091
214.0 0.091
214.1 0.091
214.2 0.092
214.3 0.092
214.4 0.093
214.5 0.093
214.6 0.093
214.7 0.094
214.8 0.094
214.9 0.095
215.0 0.095
215.1 0.096
215.2 0.096
215.3 0.097
215.4 0.097
215.5 0.097
215.6 0.098
215.7 0.098
215.8 0.099
215.9 0.099
216.0 0.100
216.1 0.101
216.2 0.101
216.3 0.102
216.4 0.102
216.5 0.102
216.6 0.103
216.7 0.103
216.8 0.104
216.9 0.104
217.0 0.105
217.1 0.106
217.2 0.106
217.3 0.107
217.4 0.107
217.5 0.107
217.6 0.108
217.7 0.108
217.8 0.109
217.9 0.109
218.0 0.110
218.1 0.111
218.2 0.111
218.3 0.112
218.4 0.112
218.5 0.112
218.6 0.113
218.7 0.113
218.8 0.114
218.9 0.114
219.0 0.115
219.1 0.116
219.2 0.116
219.3 0.117
219.4 0.117
219.5 0.117
219.6 0.118
219.7 0.118
219.8 0.119
219.9 0.119
220.0 0.120
220.1 0.121
220.2 0.121
220.3 0.122
220.4 0.122
220.5 0.123
220.6 0.124
220.7 0.124
220.8 0.125
220.9 0.125
221.0 0.126
221.1 0.127
221.2 0.127
221.3 0.128
221.4 0.128
221.5 0.129
221.6 0.130
221.7 0.130
221.8 0.131
221.9 0.131
222.0 0.132
222.1 0.133
222.2 0.133
222.3 0.134
222.4 0.134
222.5 0.135
222.6 0.136
222.7 0.136
222.8 0.137
222.9 0.137
223.0 0.138
223.1 0.139
223.2 0.139
223.3 0.140
223.4 0.140
223.5 0.141
223.6 0.142
223.7 0.142
223.8 0.143
223.9 0.143
224.0 0.144
224.1 0.145
224.2 0.145
224.3 0.146
224.4 0.146
224.5 0.147
224.6 0.148
224.7 0.148
224.8 0.149
224.9 0.149
225.0 0.150
225.1 0.151
225.2 0.152
225.3 0.152
225.4 0.153
225.5 0.154
225.6 0.155
225.7 0.156
225.8 0.156
225.9 0.157
226.0 0.158
226.1 0.159
226.2 0.160
226.3 0.160
226.4 0.161
226.5 0.162
226.6 0.163
226.7 0.164
226.8 0.164
226.9 0.165
227.0 0.166
227.1 0.167
227.2 0.168
227.3 0.168
227.4 0.169
227.5 0.170
227.6 0.171
227.7 0.172
227.8 0.172
227.9 0.173
228.0 0.174
228.1 0.175
228.2 0.176
228.3 0.176
228.4 0.177
228.5 0.178
228.6 0.179
228.7 0.180
228.8 0.180
228.9 0.181
229.0 0.182
229.1 0.183
229.2 0.184
229.3 0.184
229.4 0.185
229.5 0.186
229.6 0.187
229.7 0.188
229.8 0.188
229.9 0.189
230.0 0.190
230.1 0.191
230.2 0.192
230.3 0.193
230.4 0.194
230.5 0.195
230.6 0.196
230.7 0.197
230.8 0.198
230.9 0.199
231.0 0.200
231.1 0.201
231.2 0.202
231.3 0.203
231.4 0.204
231.5 0.205
231.6 0.206
231.7 0.207
231.8 0.208
231.9 0.209
232.0 0.210
232.1 0.211
232.2 0.212
232.3 0.213
232.4 0.214
232.5 0.215
232.6 0.216
232.7 0.217
232.8 0.218
232.9 0.219
233.0 0.220
233.1 0.221
233.2 0.222
233.3 0.223
233.4 0.224
233.5 0.225
233.6 0.226
233.7 0.227
233.8 0.228
233.9 0.229
234.0 0.230
234.1 0.231
234.2 0.232
234.3 0.233
234.4 0.234
234.5 0.235
234.6 0.236
234.7 0.237
234.8 0.238
234.9 0.239
235.0 0.240
235.1 0.241
235.2 0.242
235.3 0.244
235.4 0.245
235.5 0.246
235.6 0.247
235.7 0.248
235.8 0.250
235.9 0.251
236.0 0.252
236.1 0.253
236.2 0.254
236.3 0.256
236.4 0.257
236.5 0.258
236.6 0.259
236.7 0.260
236.8 0.262
236.9 0.263
237.0 0.264
237.1 0.265
237.2 0.266
237.3 0.268
237.4 0.269
237.5 0.270
237.6 0.271
237.7 0.272
237.8 0.274
237.9 0.275
238.0 0.276
238.1 0.277
238.2 0.278
238.3 0.280
238.4 0.281
238.5 0.282
238.6 0.283
238.7 0.284
238.8 0.286
238.9 0.287
239.0 0.288
239.1 0.289
239.2 0.290
239.3 0.292
239.4 0.293
239.5 0.294
239.6 0.295
239.7 0.296
239.8 0.298
239.9 0.299
240.0 0.300
240.1 0.301
240.2 0.302
240.3 0.304
240.4 0.305
240.5 0.306
240.6 0.307
240.7 0.308
240.8 0.310
240.9 0.311
241.0 0.312
241.1 0.313
241.2 0.314
241.3 0.316
241.4 0.317
241.5 0.318
241.6 0.319
241.7 0.320
241.8 0.322
241.9 0.323
242.0 0.324
242.1 0.325
242.2 0.326
242.3 0.328
242.4 0.329
242.5 0.330
242.6 0.331
242.7 0.332
242.8 0.334
242.9 0.335
243.0 0.336
243.1 0.337
243.2 0.338
243.3 0.340
243.4 0.341
243.5 0.342
243.6 0.343
243.7 0.344
243.8 0.346
243.9 0.347
244.0 0.348
244.1 0.349
244.2 0.350
244.3 0.352
244.4 0.353
244.5 0.354
244.6 0.355
244.7 0.356
244.8 0.358
244.9 0.359
245.0 0.360
245.1 0.361
245.2 0.363
245.3 0.364
245.4 0.366
245.5 0.367
245.6 0.368
245.7 0.370
245.8 0.371
245.9 0.373
246.0 0.374
246.1 0.375
246.2 0.377
246.3 0.378
246.4 0.380
246.5 0.381
246.6 0.382
246.7 0.384
246.8 0.385
246.9 0.387
247.0 0.388
247.1 0.389
247.2 0.391
247.3 0.392
247.4 0.394
247.5 0.395
247.6 0.396
247.7 0.398
247.8 0.399
247.9 0.401
248.0 0.402
248.1 0.403
248.2 0.405
248.3 0.406
248.4 0.408
248.5 0.409
248.6 0.410
248.7 0.412
248.8 0.413
248.9 0.415
249.0 0.416
249.1 0.417
249.2 0.419
249.3 0.420
249.4 0.422
249.5 0.423
249.6 0.424
249.7 0.426
249.8 0.427
249.9 0.429
250.0 0.430
250.1 0.432
250.2 0.433
250.3 0.435
250.4 0.437
250.5 0.439
250.6 0.441
250.7 0.442
250.8 0.444
250.9 0.446
251.0 0.448
251.1 0.449
251.2 0.451
251.3 0.453
251.4 0.454
251.5 0.456
251.6 0.458
251.7 0.460
251.8 0.462
251.9 0.463
252.0 0.465
252.1 0.467
252.2 0.468
252.3 0.470
252.4 0.472
252.5 0.474
252.6 0.476
252.7 0.477
252.8 0.479
252.9 0.481
253.0 0.483
253.1 0.484
253.2 0.486
253.3 0.488
253.4 0.489
253.5 0.491
253.6 0.493
253.7 0.495
253.8 0.497
253.9 0.498
254.0 0.500
254.1 0.502
254.2 0.504
254.3 0.506
254.4 0.508
254.5 0.510
254.6 0.512
254.7 0.514
254.8 0.516
254.9 0.518
255.0 0.520
255.1 0.523
255.2 0.525
255.3 0.528
255.4 0.530
255.5 0.533
255.6 0.536
255.7 0.538
255.8 0.541
255.9 0.543
256.0 0.546
256.1 0.549
256.2 0.551
256.3 0.554
256.4 0.556
256.5 0.559
256.6 0.562
256.7 0.564
256.8 0.567
256.9 0.569
257.0 0.572
257.1 0.575
257.2 0.577
257.3 0.580
257.4 0.582
257.5 0.585
257.6 0.588
257.7 0.590
257.8 0.593
257.9 0.595
258.0 0.598
258.1 0.601
258.2 0.603
258.3 0.606
258.4 0.608
258.5 0.611
258.6 0.614
258.7 0.616
258.8 0.619
258.9 0.621
259.0 0.624
259.1 0.627
259.2 0.629
259.3 0.632
259.4 0.634
259.5 0.637
259.6 0.640
259.7 0.642
259.8 0.645
259.9 0.647
260.0 0.650
260.1 0.653
260.2 0.656
260.3 0.660
260.4 0.663
260.5 0.666
260.6 0.669
260.7 0.672
260.8 0.676
260.9 0.679
261.0 0.682
261.1 0.685
261.2 0.688
261.3 0.692
261.4 0.695
261.5 0.698
261.6 0.701
261.7 0.704
261.8 0.708
261.9 0.711
262.0 0.714
262.1 0.717
262.2 0.720
262.3 0.724
262.4 0.727
262.5 0.730
262.6 0.733
262.7 0.736
262.8 0.740
262.9 0.743
263.0 0.746
263.1 0.749
263.2 0.752
263.3 0.756
263.4 0.759
263.5 0.762
263.6 0.765
263.7 0.768
263.8 0.772
263.9 0.775
264.0 0.778
264.1 0.781
264.2 0.784
264.3 0.788
264.4 0.791
264.5 0.794
264.6 0.797
264.7 0.800
264.8 0.804
264.9 0.807
265.0 0.810
265.1 0.814
265.2 0.818
265.3 0.821
265.4 0.825
265.5 0.829
265.6 0.833
265.7 0.837
265.8 0.840
265.9 0.844
266.0 0.848
266.1 0.852
266.2 0.856
266.3 0.859
266.4 0.863
266.5 0.867
266.6 0.871
266.7 0.875
266.8 0.878
266.9 0.882
267.0 0.886
267.1 0.890
267.2 0.894
267.3 0.897
267.4 0.901
267.5 0.905
267.6 0.909
267.7 0.913
267.8 0.916
267.9 0.920
268.0 0.924
268.1 0.928
268.2 0.932
268.3 0.935
268.4 0.939
268.5 0.943
268.6 0.947
268.7 0.951
268.8 0.954
268.9 0.958
269.0 0.962
269.1 0.966
269.2 0.970
269.3 0.973
269.4 0.977
269.5 0.981
269.6 0.985
269.7 0.989
269.8 0.992
269.9 0.996
270.0 1.000
270.1 0.999
270.2 0.998
270.3 0.998
270.4 0.997
270.5 0.996
270.6 0.995
270.7 0.994
270.8 0.994
270.9 0.993
271.0 0.992
271.1 0.991
271.2 0.990
271.3 0.990
271.4 0.989
271.5 0.988
271.6 0.987
271.7 0.986
271.8 0.986
271.9 0.985
272.0 0.984
272.1 0.983
272.2 0.982
272.3 0.982
272.4 0.981
272.5 0.980
272.6 0.979
272.7 0.978
272.8 0.978
272.9 0.977
273.0 0.976
273.1 0.975
273.2 0.974
273.3 0.974
273.4 0.973
273.5 0.972
273.6 0.971
273.7 0.970
273.8 0.970
273.9 0.969
274.0 0.968
274.1 0.967
274.2 0.966
274.3 0.966
274.4 0.965
274.5 0.964
274.6 0.963
274.7 0.962
274.8 0.962
274.9 0.961
275.0 0.960
275.1 0.958
275.2 0.957
275.3 0.955
275.4 0.954
275.5 0.952
275.6 0.950
275.7 0.949
275.8 0.947
275.9 0.946
276.0 0.944
276.1 0.942
276.2 0.941
276.3 0.939
276.4 0.938
276.5 0.936
276.6 0.934
276.7 0.933
276.8 0.931
276.9 0.930
277.0 0.928
277.1 0.926
277.2 0.925
277.3 0.923
277.4 0.922
277.5 0.920
277.6 0.918
277.7 0.917
277.8 0.915
277.9 0.914
278.0 0.912
278.1 0.910
278.2 0.909
278.3 0.907
278.4 0.906
278.5 0.904
278.6 0.902
278.7 0.901
278.8 0.899
278.9 0.898
279.0 0.896
279.1 0.894
279.2 0.893
279.3 0.891
279.4 0.890
279.5 0.888
279.6 0.886
279.7 0.885
279.8 0.883
279.9 0.882
280.0 0.880
280.1 0.878
280.2 0.876
280.3 0.873
280.4 0.871
280.5 0.869
280.6 0.867
280.7 0.865
280.8 0.862
280.9 0.860
281.0 0.858
281.1 0.856
281.2 0.854
281.3 0.851
281.4 0.849
281.5 0.847
281.6 0.845
281.7 0.843
281.8 0.840
281.9 0.838
282.0 0.836
282.1 0.834
282.2 0.832
282.3 0.829
282.4 0.827
282.5 0.825
282.6 0.823
282.7 0.821
282.8 0.818
282.9 0.816
283.0 0.814
283.1 0.812
283.2 0.810
283.3 0.807
283.4 0.805
283.5 0.803
283.6 0.801
283.7 0.799
283.8 0.796
283.9 0.794
284.0 0.792
284.1 0.790
284.2 0.788
284.3 0.785
284.4 0.783
284.5 0.781
284.6 0.779
284.7 0.777
284.8 0.774
284.9 0.772
285.0 0.770
285.1 0.767
285.2 0.765
285.3 0.762
285.4 0.760
285.5 0.757
285.6 0.754
285.7 0.752
285.8 0.749
285.9 0.747
286.0 0.744
286.1 0.741
286.2 0.739
286.3 0.736
286.4 0.734
286.5 0.731
286.6 0.728
286.7 0.726
286.8 0.723
286.9 0.721
287.0 0.718
287.1 0.715
287.2 0.713
287.3 0.710
287.4 0.708
287.5 0.705
287.6 0.702
287.7 0.700
287.8 0.697
287.9 0.695
288.0 0.692
288.1 0.689
288.2 0.687
288.3 0.684
288.4 0.682
288.5 0.679
288.6 0.676
288.7 0.674
288.8 0.671
288.9 0.669
289.0 0.666
289.1 0.663
289.2 0.661
289.3 0.658
289.4 0.656
289.5 0.653
289.6 0.650
289.7 0.648
289.8 0.645
289.9 0.643
290.0 0.640
290.1 0.638
290.2 0.636
290.3 0.634
290.4 0.632
290.5 0.630
290.6 0.628
290.7 0.626
290.8 0.624
290.9 0.622
291.0 0.620
291.1 0.618
291.2 0.616
291.3 0.614
291.4 0.612
291.5 0.610
291.6 0.608
291.7 0.606
291.8 0.604
291.9 0.602
292.0 0.600
292.1 0.598
292.2 0.596
292.3 0.594
292.4 0.592
292.5 0.590
292.6 0.588
292.7 0.586
292.8 0.584
292.9 0.582
293.0 0.580
293.1 0.578
293.2 0.576
293.3 0.574
293.4 0.572
293.5 0.570
293.6 0.568
293.7 0.566
293.8 0.564
293.9 0.562
294.0 0.560
294.1 0.558
294.2 0.556
294.3 0.554
294.4 0.552
294.5 0.550
294.6 0.548
294.7 0.546
294.8 0.544
294.9 0.542
295.0 0.540
295.1 0.536
295.2 0.532
295.3 0.528
295.4 0.524
295.5 0.520
295.6 0.516
295.7 0.512
295.8 0.508
295.9 0.504
296.0 0.500
296.1 0.496
296.2 0.492
296.3 0.488
296.4 0.484
296.5 0.480
296.6 0.476
296.7 0.472
296.8 0.468
296.9 0.464
297.0 0.460
297.1 0.455
297.2 0.449
297.3 0.444
297.4 0.439
297.5 0.433
297.6 0.428
297.7 0.423
297.8 0.417
297.9 0.412
298.0 0.407
298.1 0.401
298.2 0.396
298.3 0.391
298.4 0.385
298.5 0.380
298.6 0.375
298.7 0.369
298.8 0.364
298.9 0.359
299.0 0.353
299.1 0.348
299.2 0.343
299.3 0.337
299.4 0.332
299.5 0.327
299.6 0.321
299.7 0.316
299.8 0.311
299.9 0.305
300.0 0.300
300.1 0.294
300.2 0.288
300.3 0.282
300.4 0.276
300.5 0.270
300.6 0.264
300.7 0.258
300.8 0.252
300.9 0.246
301.0 0.240
301.1 0.234
301.2 0.228
301.3 0.222
301.4 0.216
301.5 0.210
301.6 0.204
301.7 0.198
301.8 0.192
301.9 0.186
302.0 0.180
302.1 0.174
302.2 0.168
302.3 0.162
302.4 0.156
302.5 0.150
302.6 0.144
302.7 0.138
302.8 0.132
302.9 0.126
303.0 0.120
303.1 0.117
303.2 0.114
303.3 0.111
303.4 0.108
303.5 0.105
303.6 0.102
303.7 0.099
303.8 0.096
303.9 0.093
304.0 0.090
304.1 0.087
304.2 0.084
304.3 0.081
304.4 0.078
304.5 0.075
304.6 0.072
304.7 0.069
304.8 0.066
304.9 0.063
305.0 0.060
305.1 0.059
305.2 0.058
305.3 0.057
305.4 0.055
305.5 0.054
305.6 0.053
305.7 0.052
305.8 0.051
305.9 0.050
306.0 0.049
306.1 0.048
306.2 0.046
306.3 0.045
306.4 0.044
306.5 0.043
306.6 0.042
306.7 0.041
306.8 0.040
306.9 0.038
307.0 0.037
307.1 0.036
307.2 0.035
307.3 0.034
307.4 0.033
307.5 0.032
307.6 0.031
307.7 0.029
307.8 0.028
307.9 0.027
308.0 0.026
308.1 0.025
308.2 0.025
308.3 0.024
308.4 0.024
308.5 0.023
308.6 0.023
308.7 0.022
308.8 0.022
308.9 0.021
309.0 0.021
309.1 0.020
309.2 0.019
309.3 0.019
309.4 0.018
309.5 0.018
309.6 0.017
309.7 0.017
309.8 0.016
309.9 0.016
310.0 0.015
310.1 0.015
310.2 0.014
310.3 0.014
310.4 0.014
310.5 0.013
310.6 0.013
310.7 0.013
310.8 0.013
310.9 0.012
311.0 0.012
311.1 0.012
311.2 0.011
311.3 0.011
311.4 0.011
311.5 0.010
311.6 0.010
311.7 0.010
311.8 0.010
311.9 0.009
312.0 0.009
312.1 0.009
312.2 0.008
312.3 0.008
312.4 0.008
312.5 0.007
312.6 0.007
312.7 0.007
312.8 0.007
312.9 0.006
313.0 0.006
313.1 0.006
313.2 0.006
313.3 0.006
313.4 0.005
313.5 0.005
313.6 0.005
313.7 0.005
313.8 0.005
313.9 0.005
314.0 0.005
314.1 0.004
314.2 0.004
314.3 0.004
314.4 0.004
314.5 0.004
314.6 0.004
314.7 0.003
314.8 0.003
314.9 0.003
315.0 0.003
315.1 0.003
315.2 0.003
315.3 0.003
315.4 0.003
315.5 0.003
315.6 0.003
315.7 0.003
315.8 0.003
315.9 0.002
316.0 0.002
316.1 0.002
316.2 0.002
316.3 0.002
316.4 0.002
316.5 0.002
316.6 0.002
316.7 0.002
316.8 0.002
316.9 0.002
317.0 0.002
317.1 0.002
317.2 0.002
317.3 0.002
317.4 0.002
317.5 0.002
317.6 0.002
317.7 0.002
317.8 0.002
317.9 0.002
318.0 0.002
318.1 0.002
318.2 0.002
318.3 0.001
318.4 0.001
318.5 0.001
318.6 0.001
318.7 0.001
318.8 0.001
318.9 0.001
319.0 0.001
319.1 0.001
319.2 0.001
319.3 0.001
319.4 0.001
319.5 0.001
319.6 0.001
319.7 0.001
319.8 0.001
319.9 0.001
320.0 0.001
320.1 0.001
320.2 0.001
320.3 0.001
320.4 0.001
320.5 0.001
320.6 0.001
320.7 0.001
320.8 0.001
320.9 0.001
321.0 0.001
321.1 0.001
321.2 0.001
321.3 0.001
321.4 0.001
321.5 0.001
321.6 0.001
321.7 0.001
321.8 0.001
321.9 0.001
322.0 0.001
322.1 0.001
322.2 0.001
322.3 0.001
322.4 0.001
322.5 0.001
322.6 0.001
322.7 0.001
322.8 0.001
322.9 0.001
323.0 0.001
323.1 0.001
323.2 0.001
323.3 0.001
323.4 0.001
323.5 0.001
323.6 0.001
323.7 0.001
323.8 0.001
323.9 0.001
324.0 0.001
324.1 0.001
324.2 0.001
324.3 0.001
324.4 0.001
324.5 0.001
324.6 0.001
324.7 0.001
324.8 0.001
324.9 0.001
325.0 0.001
325.1 0.000
325.2 0.000
325.3 0.000
325.4 0.000
325.5 0.000
325.6 0.000
325.7 0.000
325.8 0.000
325.9 0.000
326.0 0.000
326.1 0.000
326.2 0.000
326.3 0.000
326.4 0.000
326.5 0.000
326.6 0.000
326.7 0.000
326.8 0.000
326.9 0.000
327.0 0.000
327.1 0.000
327.2 0.000
327.3 0.000
327.4 0.000
327.5 0.000
327.6 0.000
327.7 0.000
327.8 0.000
327.9 0.000
328.0 0.000
328.1 0.000
328.2 0.000
328.3 0.000
328.4 0.000
328.5 0.000
328.6 0.000
328.7 0.000
328.8 0.000
328.9 0.000
329.0 0.000
329.1 0.000
329.2 0.000
329.3 0.000
329.4 0.000
329.5 0.000
329.6 0.000
329.7 0.000
329.8 0.000
329.9 0.000
330.0 0.000
330.1 0.000
330.2 0.000
330.3 0.000
330.4 0.000
330.5 0.000
330.6 0.000
330.7 0.000
330.8 0.000
330.9 0.000
331.0 0.000
331.1 0.000
331.2 0.000
331.3 0.000
331.4 0.000
331.5 0.000
331.6 0.000
331.7 0.000
331.8 0.000
331.9 0.000
332.0 0.000
332.1 0.000
332.2 0.000
332.3 0.000
332.4 0.000
332.5 0.000
332.6 0.000
332.7 0.000
332.8 0.000
332.9 0.000
333.0 0.000
333.1 0.000
333.2 0.000
333.3 0.000
333.4 0.000
333.5 0.000
333.6 0.000
333.7 0.000
333.8 0.000
333.9 0.000
334.0 0.000
334.1 0.000
334.2 0.000
334.3 0.000
334.4 0.000
334.5 0.000
334.6 0.000
334.7 0.000
334.8 0.000
334.9 0.000
335.0 0.000
335.1 0.000
335.2 0.000
335.3 0.000
335.4 0.000
335.5 0.000
335.6 0.000
335.7 0.000
335.8 0.000
335.9 0.000
336.0 0.000
336.1 0.000
336.2 0.000
336.3 0.000
336.4 0.000
336.5 0.000
336.6 0.000
336.7 0.000
336.8 0.000
336.9 0.000
337.0 0.000
337.1 0.000
337.2 0.000
337.3 0.000
337.4 0.000
337.5 0.000
337.6 0.000
337.7 0.000
337.8 0.000
337.9 0.000
338.0 0.000
338.1 0.000
338.2 0.000
338.3 0.000
338.4 0.000
338.5 0.000
338.6 0.000
338.7 0.000
338.8 0.000
338.9 0.000
339.0 0.000
339.1 0.000
339.2 0.000
339.3 0.000
339.4 0.000
339.5 0.000
339.6 0.000
339.7 0.000
339.8 0.000
339.9 0.000
340.0 0.000
340.1 0.000
340.2 0.000
340.3 0.000
340.4 0.000
340.5 0.000
340.6 0.000
340.7 0.000
340.8 0.000
340.9 0.000
341.0 0.000
341.1 0.000
341.2 0.000
341.3 0.000
341.4 0.000
341.5 0.000
341.6 0.000
341.7 0.000
341.8 0.000
341.9 0.000
342.0 0.000
342.1 0.000
342.2 0.000
342.3 0.000
342.4 0.000
342.5 0.000
342.6 0.000
342.7 0.000
342.8 0.000
342.9 0.000
343.0 0.000
343.1 0.000
343.2 0.000
343.3 0.000
343.4 0.000
343.5 0.000
343.6 0.000
343.7 0.000
343.8 0.000
343.9 0.000
344.0 0.000
344.1 0.000
344.2 0.000
344.3 0.000
344.4 0.000
344.5 0.000
344.6 0.000
344.7 0.000
344.8 0.000
344.9 0.000
345.0 0.000
345.1 0.000
345.2 0.000
345.3 0.000
345.4 0.000
345.5 0.000
345.6 0.000
345.7 0.000
345.8 0.000
345.9 0.000
346.0 0.000
346.1 0.000
346.2 0.000
346.3 0.000
346.4 0.000
346.5 0.000
346.6 0.000
346.7 0.000
346.8 0.000
346.9 0.000
347.0 0.000
347.1 0.000
347.2 0.000
347.3 0.000
347.4 0.000
347.5 0.000
347.6 0.000
347.7 0.000
347.8 0.000
347.9 0.000
348.0 0.000
348.1 0.000
348.2 0.000
348.3 0.000
348.4 0.000
348.5 0.000
348.6 0.000
348.7 0.000
348.8 0.000
348.9 0.000
349.0 0.000
349.1 0.000
349.2 0.000
349.3 0.000
349.4 0.000
349.5 0.000
349.6 0.000
349.7 0.000
349.8 0.000
349.9 0.000
350.0 0.000
350.1 0.000
350.2 0.000
350.3 0.000
350.4 0.000
350.5 0.000
350.6 0.000
350.7 0.000
350.8 0.000
350.9 0.000
351.0 0.000
351.1 0.000
351.2 0.000
351.3 0.000
351.4 0.000
351.5 0.000
351.6 0.000
351.7 0.000
351.8 0.000
351.9 0.000
352.0 0.000
352.1 0.000
352.2 0.000
352.3 0.000
352.4 0.000
352.5 0.000
352.6 0.000
352.7 0.000
352.8 0.000
352.9 0.000
353.0 0.000
353.1 0.000
353.2 0.000
353.3 0.000
353.4 0.000
353.5 0.000
353.6 0.000
353.7 0.000
353.8 0.000
353.9 0.000
354.0 0.000
354.1 0.000
354.2 0.000
354.3 0.000
354.4 0.000
354.5 0.000
354.6 0.000
354.7 0.000
354.8 0.000
354.9 0.000
355.0 0.000
355.1 0.000
355.2 0.000
355.3 0.000
355.4 0.000
355.5 0.000
355.6 0.000
355.7 0.000
355.8 0.000
355.9 0.000
356.0 0.000
356.1 0.000
356.2 0.000
356.3 0.000
356.4 0.000
356.5 0.000
356.6 0.000
356.7 0.000
356.8 0.000
356.9 0.000
357.0 0.000
357.1 0.000
357.2 0.000
357.3 0.000
357.4 0.000
357.5 0.000
357.6 0.000
357.7 0.000
357.8 0.000
357.9 0.000
358.0 0.000
358.1 0.000
358.2 0.000
358.3 0.000
358.4 0.000
358.5 0.000
358.6 0.000
358.7 0.000
358.8 0.000
358.9 0.000
359.0 0.000
359.1 0.000
359.2 0.000
359.3 0.000
359.4 0.000
359.5 0.000
359.6 0.000
359.7 0.000
359.8 0.000
359.9 0.000
360.0 0.000
360.1 0.000
360.2 0.000
360.3 0.000
360.4 0.000
360.5 0.000
360.6 0.000
360.7 0.000
360.8 0.000
360.9 0.000
361.0 0.000
361.1 0.000
361.2 0.000
361.3 0.000
361.4 0.000
361.5 0.000
361.6 0.000
361.7 0.000
361.8 0.000
361.9 0.000
362.0 0.000
362.1 0.000
362.2 0.000
362.3 0.000
362.4 0.000
362.5 0.000
362.6 0.000
362.7 0.000
362.8 0.000
362.9 0.000
363.0 0.000
363.1 0.000
363.2 0.000
363.3 0.000
363.4 0.000
363.5 0.000
363.6 0.000
363.7 0.000
363.8 0.000
363.9 0.000
364.0 0.000
364.1 0.000
364.2 0.000
364.3 0.000
364.4 0.000
364.5 0.000
364.6 0.000
364.7 0.000
364.8 0.000
364.9 0.000
365.0 0.000
365.1 0.000
365.2 0.000
365.3 0.000
365.4 0.000
365.5 0.000
365.6 0.000
365.7 0.000
365.8 0.000
365.9 0.000
366.0 0.000
366.1 0.000
366.2 0.000
366.3 0.000
366.4 0.000
366.5 0.000
366.6 0.000
366.7 0.000
366.8 0.000
366.9 0.000
367.0 0.000
367.1 0.000
367.2 0.000
367.3 0.000
367.4 0.000
367.5 0.000
367.6 0.000
367.7 0.000
367.8 0.000
367.9 0.000
368.0 0.000
368.1 0.000
368.2 0.000
368.3 0.000
368.4 0.000
368.5 0.000
368.6 0.000
368.7 0.000
368.8 0.000
368.9 0.000
369.0 0.000
369.1 0.000
369.2 0.000
369.3 0.000
369.4 0.000
369.5 0.000
369.6 0.000
369.7 0.000
369.8 0.000
369.9 0.000
370.0 0.000
370.1 0.000
370.2 0.000
370.3 0.000
370.4 0.000
370.5 0.000
370.6 0.000
370.7 0.000
370.8 0.000
370.9 0.000
371.0 0.000
371.1 0.000
371.2 0.000
371.3 0.000
371.4 0.000
371.5 0.000
371.6 0.000
371.7 0.000
371.8 0.000
371.9 0.000
372.0 0.000
372.1 0.000
372.2 0.000
372.3 0.000
372.4 0.000
372.5 0.000
372.6 0.000
372.7 0.000
372.8 0.000
372.9 0.000
373.0 0.000
373.1 0.000
373.2 0.000
373.3 0.000
373.4 0.000
373.5 0.000
373.6 0.000
373.7 0.000
373.8 0.000
373.9 0.000
374.0 0.000
374.1 0.000
374.2 0.000
374.3 0.000
374.4 0.000
374.5 0.000
374.6 0.000
374.7 0.000
374.8 0.000
374.9 0.000
375.0 0.000
375.1 0.000
375.2 0.000
375.3 0.000
375.4 0.000
375.5 0.000
375.6 0.000
375.7 0.000
375.8 0.000
375.9 0.000
376.0 0.000
376.1 0.000
376.2 0.000
376.3 0.000
376.4 0.000
376.5 0.000
376.6 0.000
376.7 0.000
376.8 0.000
376.9 0.000
377.0 0.000
377.1 0.000
377.2 0.000
377.3 0.000
377.4 0.000
377.5 0.000
377.6 0.000
377.7 0.000
377.8 0.000
377.9 0.000
378.0 0.000
378.1 0.000
378.2 0.000
378.3 0.000
378.4 0.000
378.5 0.000
378.6 0.000
378.7 0.000
378.8 0.000
378.9 0.000
379.0 0.000
379.1 0.000
379.2 0.000
379.3 0.000
379.4 0.000
379.5 0.000
379.6 0.000
379.7 0.000
379.8 0.000
379.9 0.000
380.0 0.000
380.1 0.000
380.2 0.000
380.3 0.000
380.4 0.000
380.5 0.000
380.6 0.000
380.7 0.000
380.8 0.000
380.9 0.000
381.0 0.000
381.1 0.000
381.2 0.000
381.3 0.000
381.4 0.000
381.5 0.000
381.6 0.000
381.7 0.000
381.8 0.000
381.9 0.000
382.0 0.000
382.1 0.000
382.2 0.000
382.3 0.000
382.4 0.000
382.5 0.000
382.6 0.000
382.7 0.000
382.8 0.000
382.9 0.000
383.0 0.000
383.1 0.000
383.2 0.000
383.3 0.000
383.4 0.000
383.5 0.000
383.6 0.000
383.7 0.000
383.8 0.000
383.9 0.000
384.0 0.000
384.1 0.000
384.2 0.000
384.3 0.000
384.4 0.000
384.5 0.000
384.6 0.000
384.7 0.000
384.8 0.000
384.9 0.000
385.0 0.000
385.1 0.000
385.2 0.000
385.3 0.000
385.4 0.000
385.5 0.000
385.6 0.000
385.7 0.000
385.8 0.000
385.9 0.000
386.0 0.000
386.1 0.000
386.2 0.000
386.3 0.000
386.4 0.000
386.5 0.000
386.6 0.000
386.7 0.000
386.8 0.000
386.9 0.000
387.0 0.000
387.1 0.000
387.2 0.000
387.3 0.000
387.4 0.000
387.5 0.000
387.6 0.000
387.7 0.000
387.8 0.000
387.9 0.000
388.0 0.000
388.1 0.000
388.2 0.000
388.3 0.000
388.4 0.000
388.5 0.000
388.6 0.000
388.7 0.000
388.8 0.000
388.9 0.000
389.0 0.000
389.1 0.000
389.2 0.000
389.3 0.000
389.4 0.000
389.5 0.000
389.6 0.000
389.7 0.000
389.8 0.000
389.9 0.000
390.0 0.000
390.1 0.000
390.2 0.000
390.3 0.000
390.4 0.000
390.5 0.000
390.6 0.000
390.7 0.000
390.8 0.000
390.9 0.000
391.0 0.000
391.1 0.000
391.2 0.000
391.3 0.000
391.4 0.000
391.5 0.000
391.6 0.000
391.7 0.000
391.8 0.000
391.9 0.000
392.0 0.000
392.1 0.000
392.2 0.000
392.3 0.000
392.4 0.000
392.5 0.000
392.6 0.000
392.7 0.000
392.8 0.000
392.9 0.000
393.0 0.000
393.1 0.000
393.2 0.000
393.3 0.000
393.4 0.000
393.5 0.000
393.6 0.000
393.7 0.000
393.8 0.000
393.9 0.000
394.0 0.000
394.1 0.000
394.2 0.000
394.3 0.000
394.4 0.000
394.5 0.000
394.6 0.000
394.7 0.000
394.8 0.000
394.9 0.000
395.0 0.000
395.1 0.000
395.2 0.000
395.3 0.000
395.4 0.000
395.5 0.000
395.6 0.000
395.7 0.000
395.8 0.000
395.9 0.000
396.0 0.000
396.1 0.000
396.2 0.000
396.3 0.000
396.4 0.000
396.5 0.000
396.6 0.000
396.7 0.000
396.8 0.000
396.9 0.000
397.0 0.000
397.1 0.000
397.2 0.000
397.3 0.000
397.4 0.000
397.5 0.000
397.6 0.000
397.7 0.000
397.8 0.000
397.9 0.000
398.0 0.000
398.1 0.000
398.2 0.000
398.3 0.000
398.4 0.000
398.5 0.000
398.6 0.000
398.7 0.000
398.8 0.000
398.9 0.000
399.0 0.000
399.1 0.000
399.2 0.000
399.3 0.000
399.4 0.000
399.5 0.000
399.6 0.000
399.7 0.000
399.8 0.000
399.9 0.000
400.0 0.000
