记录条数   时间  bin号 晶号 电压(V) 反向漏电流(uA) 色坐标(x,y) 相关色温(K) 色差 主波长(nm) 色纯度(%) 峰值波长(nm) 显色性指数 光通量(lm) 辐射通量(mW) 光效 
0 2017_10_22_16:25:28_265 255 0 6.787 0.1 -0.0063,-0.0041 0 0.00E+000 -0.9 0.0 379.8 -0.9 -0.43 0.00 0.00
1 2017_10_22_16:25:28_964 255 0 6.787 0.1 -0.0063,-0.0041 0 0.00E+000 -0.9 0.0 379.8 -0.9 -0.43 0.00 0.00
2 2017_10_22_16:25:29_385 255 0 6.787 0.1 -0.0063,-0.0041 0 0.00E+000 -0.9 0.0 379.8 -0.9 -0.43 0.00 0.00
3 2017_10_22_16:25:29_476 255 0 6.787 0.1 -0.0063,-0.0041 0 0.00E+000 -0.9 0.0 379.8 -0.9 -0.43 0.00 0.00
4 2017_10_22_16:25:29_567 255 0 6.787 0.1 -0.0063,-0.0041 0 0.00E+000 -0.9 0.0 379.8 -0.9 -0.43 0.00 0.00
5 2017_10_22_16:25:29_659 255 0 6.787 0.1 -0.0063,-0.0041 0 0.00E+000 -0.9 0.0 379.8 -0.9 -0.43 0.00 0.00
6 2017_10_22_16:25:29_751 255 0 6.787 0.1 -0.0063,-0.0041 0 0.00E+000 -0.9 0.0 379.8 -0.9 -0.43 0.00 0.00
7 2017_10_22_16:25:29_840 255 0 6.787 0.1 -0.0063,-0.0041 0 0.00E+000 -0.9 0.0 379.8 -0.9 -0.43 0.00 0.00
8 2017_10_22_16:25:29_931 255 0 6.787 0.1 -0.0063,-0.0041 0 0.00E+000 -0.9 0.0 379.8 -0.9 -0.43 0.00 0.00
9 2017_10_22_16:25:30_021 255 0 6.787 0.1 -0.0063,-0.0041 0 0.00E+000 -0.9 0.0 379.8 -0.9 -0.43 0.00 0.00
10 2017_10_22_16:25:30_113 255 0 6.787 0.1 -0.0063,-0.0041 0 0.00E+000 -0.9 0.0 379.8 -0.9 -0.43 0.00 0.00
11 2017_10_22_16:25:30_204 255 0 6.787 0.1 -0.0063,-0.0041 0 0.00E+000 -0.9 0.0 379.8 -0.9 -0.43 0.00 0.00
12 2017_10_22_16:25:30_295 255 0 6.787 0.1 -0.0063,-0.0041 0 0.00E+000 -0.9 0.0 379.8 -0.9 -0.43 0.00 0.00
13 2017_10_22_16:25:30_385 255 0 6.787 0.1 -0.0063,-0.0041 0 0.00E+000 -0.9 0.0 379.8 -0.9 -0.43 0.00 0.00
14 2017_10_22_16:25:30_477 255 0 6.787 0.1 -0.0063,-0.0041 0 0.00E+000 -0.9 0.0 379.8 -0.9 -0.43 0.00 0.00
15 2017_10_22_16:25:30_568 255 0 6.787 0.1 -0.0063,-0.0041 0 0.00E+000 -0.9 0.0 379.8 -0.9 -0.43 0.00 0.00
16 2017_10_22_16:25:30_660 255 0 6.787 0.1 -0.0063,-0.0041 0 0.00E+000 -0.9 0.0 379.8 -0.9 -0.43 0.00 0.00
17 2017_10_22_16:25:30_751 255 0 6.787 0.1 -0.0063,-0.0041 0 0.00E+000 -0.9 0.0 379.8 -0.9 -0.43 0.00 0.00
18 2017_10_22_16:25:30_843 255 0 6.787 0.1 -0.0063,-0.0041 0 0.00E+000 -0.9 0.0 379.8 -0.9 -0.43 0.00 0.00
19 2017_10_22_16:25:30_934 255 0 6.787 0.1 -0.0063,-0.0041 0 0.00E+000 -0.9 0.0 379.8 -0.9 -0.43 0.00 0.00
20 2017_10_22_16:25:31_025 255 0 6.787 0.1 -0.0063,-0.0041 0 0.00E+000 -0.9 0.0 379.8 -0.9 -0.43 0.00 0.00
21 2017_10_22_16:25:31_116 255 0 6.787 0.1 -0.0063,-0.0041 0 0.00E+000 -0.9 0.0 379.8 -0.9 -0.43 0.00 0.00
22 2017_10_22_16:25:31_207 255 0 6.787 0.1 -0.0063,-0.0041 0 0.00E+000 -0.9 0.0 379.8 -0.9 -0.43 0.00 0.00
23 2017_10_22_16:25:31_298 255 0 6.787 0.1 -0.0063,-0.0041 0 0.00E+000 -0.9 0.0 379.8 -0.9 -0.43 0.00 0.00
24 2017_10_22_16:25:31_387 255 0 6.787 0.1 -0.0063,-0.0041 0 0.00E+000 -0.9 0.0 379.8 -0.9 -0.43 0.00 0.00
25 2017_10_22_16:25:31_480 255 0 6.787 0.1 -0.0063,-0.0041 0 0.00E+000 -0.9 0.0 379.8 -0.9 -0.43 0.00 0.00
26 2017_10_22_16:25:31_574 255 0 6.787 0.1 -0.0063,-0.0041 0 0.00E+000 -0.9 0.0 379.8 -0.9 -0.43 0.00 0.00
27 2017_10_22_16:25:31_668 255 0 6.787 0.1 -0.0063,-0.0041 0 0.00E+000 -0.9 0.0 379.8 -0.9 -0.43 0.00 0.00
28 2017_10_22_16:25:31_762 255 0 6.787 0.1 -0.0063,-0.0041 0 0.00E+000 -0.9 0.0 379.8 -0.9 -0.43 0.00 0.00
29 2017_10_22_16:25:31_854 255 0 6.787 0.1 -0.0063,-0.0041 0 0.00E+000 -0.9 0.0 379.8 -0.9 -0.43 0.00 0.00
30 2017_10_22_16:25:31_944 255 0 6.787 0.1 -0.0063,-0.0041 0 0.00E+000 -0.9 0.0 379.8 -0.9 -0.43 0.00 0.00
31 2017_10_22_16:25:32_036 255 0 6.787 0.1 -0.0063,-0.0041 0 0.00E+000 -0.9 0.0 379.8 -0.9 -0.43 0.00 0.00
32 2017_10_22_16:25:32_128 255 0 6.787 0.1 -0.0063,-0.0041 0 0.00E+000 -0.9 0.0 379.8 -0.9 -0.43 0.00 0.00
33 2017_10_22_16:25:32_220 255 0 6.787 0.1 -0.0063,-0.0041 0 0.00E+000 -0.9 0.0 379.8 -0.9 -0.43 0.00 0.00
34 2017_10_22_16:25:32_311 255 0 6.787 0.1 -0.0063,-0.0041 0 0.00E+000 -0.9 0.0 379.8 -0.9 -0.43 0.00 0.00
35 2017_10_22_16:25:32_401 255 0 6.787 0.1 -0.0063,-0.0041 0 0.00E+000 -0.9 0.0 379.8 -0.9 -0.43 0.00 0.00
36 2017_10_22_16:25:32_492 255 0 6.787 0.1 -0.0063,-0.0041 0 0.00E+000 -0.9 0.0 379.8 -0.9 -0.43 0.00 0.00
37 2017_10_22_16:25:32_584 255 0 6.787 0.1 -0.0063,-0.0041 0 0.00E+000 -0.9 0.0 379.8 -0.9 -0.43 0.00 0.00
38 2017_10_22_16:25:32_677 255 0 6.787 0.1 -0.0063,-0.0041 0 0.00E+000 -0.9 0.0 379.8 -0.9 -0.43 0.00 0.00
39 2017_10_22_16:25:32_768 255 0 6.787 0.1 -0.0063,-0.0041 0 0.00E+000 -0.9 0.0 379.8 -0.9 -0.43 0.00 0.00
40 2017_10_22_16:25:32_859 255 0 6.787 0.1 -0.0063,-0.0041 0 0.00E+000 -0.9 0.0 379.8 -0.9 -0.43 0.00 0.00
41 2017_10_22_16:25:32_948 255 0 6.787 0.1 -0.0063,-0.0041 0 0.00E+000 -0.9 0.0 379.8 -0.9 -0.43 0.00 0.00
42 2017_10_22_16:25:33_040 255 0 6.787 0.1 -0.0063,-0.0041 0 0.00E+000 -0.9 0.0 379.8 -0.9 -0.43 0.00 0.00
43 2017_10_22_16:25:33_130 255 0 6.787 0.1 -0.0063,-0.0041 0 0.00E+000 -0.9 0.0 379.8 -0.9 -0.43 0.00 0.00
44 2017_10_22_16:25:33_221 255 0 6.787 0.1 -0.0063,-0.0041 0 0.00E+000 -0.9 0.0 379.8 -0.9 -0.43 0.00 0.00
45 2017_10_22_16:25:33_311 255 0 6.787 0.1 -0.0063,-0.0041 0 0.00E+000 -0.9 0.0 379.8 -0.9 -0.43 0.00 0.00
46 2017_10_22_16:25:33_402 255 0 6.787 0.1 -0.0063,-0.0041 0 0.00E+000 -0.9 0.0 379.8 -0.9 -0.43 0.00 0.00
47 2017_10_22_16:25:33_493 255 0 6.787 0.1 -0.0063,-0.0041 0 0.00E+000 -0.9 0.0 379.8 -0.9 -0.43 0.00 0.00
48 2017_10_22_16:25:33_582 255 0 6.787 0.1 -0.0063,-0.0041 0 0.00E+000 -0.9 0.0 379.8 -0.9 -0.43 0.00 0.00
49 2017_10_22_16:25:33_673 255 0 6.787 0.1 -0.0063,-0.0041 0 0.00E+000 -0.9 0.0 379.8 -0.9 -0.43 0.00 0.00
50 2017_10_22_16:25:33_764 255 0 6.787 0.1 -0.0063,-0.0041 0 0.00E+000 -0.9 0.0 379.8 -0.9 -0.43 0.00 0.00
51 2017_10_22_16:25:33_854 255 0 6.787 0.1 -0.0063,-0.0041 0 0.00E+000 -0.9 0.0 379.8 -0.9 -0.43 0.00 0.00
52 2017_10_22_16:25:33_943 255 0 6.787 0.1 -0.0063,-0.0041 0 0.00E+000 -0.9 0.0 379.8 -0.9 -0.43 0.00 0.00
53 2017_10_22_16:25:34_034 255 0 6.787 0.1 -0.0063,-0.0041 0 0.00E+000 -0.9 0.0 379.8 -0.9 -0.43 0.00 0.00
54 2017_10_22_16:25:34_125 255 0 6.787 0.1 -0.0063,-0.0041 0 0.00E+000 -0.9 0.0 379.8 -0.9 -0.43 0.00 0.00
55 2017_10_22_16:25:34_217 255 0 6.787 0.1 -0.0063,-0.0041 0 0.00E+000 -0.9 0.0 379.8 -0.9 -0.43 0.00 0.00
56 2017_10_22_16:25:34_307 255 0 6.787 0.1 -0.0063,-0.0041 0 0.00E+000 -0.9 0.0 379.8 -0.9 -0.43 0.00 0.00
57 2017_10_22_16:25:34_399 255 0 6.787 0.1 -0.0063,-0.0041 0 0.00E+000 -0.9 0.0 379.8 -0.9 -0.43 0.00 0.00
58 2017_10_22_16:25:34_489 255 0 6.787 0.1 -0.0063,-0.0041 0 0.00E+000 -0.9 0.0 379.8 -0.9 -0.43 0.00 0.00
59 2017_10_22_16:25:34_580 255 0 6.787 0.1 -0.0063,-0.0041 0 0.00E+000 -0.9 0.0 379.8 -0.9 -0.43 0.00 0.00
60 2017_10_22_16:25:34_671 255 0 6.787 0.1 -0.0063,-0.0041 0 0.00E+000 -0.9 0.0 379.8 -0.9 -0.43 0.00 0.00
61 2017_10_22_16:25:34_762 255 0 6.787 0.1 -0.0063,-0.0041 0 0.00E+000 -0.9 0.0 379.8 -0.9 -0.43 0.00 0.00
62 2017_10_22_16:25:34_860 255 0 6.787 0.1 -0.0063,-0.0041 0 0.00E+000 -0.9 0.0 379.8 -0.9 -0.43 0.00 0.00
63 2017_10_22_16:25:34_951 255 0 6.787 0.1 -0.0063,-0.0041 0 0.00E+000 -0.9 0.0 379.8 -0.9 -0.43 0.00 0.00
64 2017_10_22_16:25:35_041 255 0 6.787 0.1 -0.0063,-0.0041 0 0.00E+000 -0.9 0.0 379.8 -0.9 -0.43 0.00 0.00
65 2017_10_22_16:25:35_136 255 0 6.787 0.1 -0.0063,-0.0041 0 0.00E+000 -0.9 0.0 379.8 -0.9 -0.43 0.00 0.00
66 2017_10_22_16:25:35_229 255 0 6.787 0.1 -0.0063,-0.0041 0 0.00E+000 -0.9 0.0 379.8 -0.9 -0.43 0.00 0.00
67 2017_10_22_16:25:35_322 255 0 6.787 0.1 -0.0063,-0.0041 0 0.00E+000 -0.9 0.0 379.8 -0.9 -0.43 0.00 0.00
68 2017_10_22_16:25:35_415 255 0 6.787 0.1 -0.0063,-0.0041 0 0.00E+000 -0.9 0.0 379.8 -0.9 -0.43 0.00 0.00
69 2017_10_22_16:25:35_507 255 0 6.787 0.1 -0.0063,-0.0041 0 0.00E+000 -0.9 0.0 379.8 -0.9 -0.43 0.00 0.00
70 2017_10_22_16:25:35_596 255 0 6.787 0.1 -0.0063,-0.0041 0 0.00E+000 -0.9 0.0 379.8 -0.9 -0.43 0.00 0.00
71 2017_10_22_16:25:35_687 255 0 6.787 0.1 -0.0063,-0.0041 0 0.00E+000 -0.9 0.0 379.8 -0.9 -0.43 0.00 0.00
72 2017_10_22_16:25:35_779 255 0 6.787 0.1 -0.0063,-0.0041 0 0.00E+000 -0.9 0.0 379.8 -0.9 -0.43 0.00 0.00
73 2017_10_22_16:25:35_872 255 0 6.787 0.1 -0.0063,-0.0041 0 0.00E+000 -0.9 0.0 379.8 -0.9 -0.43 0.00 0.00
74 2017_10_22_16:25:35_965 255 0 6.787 0.1 -0.0063,-0.0041 0 0.00E+000 -0.9 0.0 379.8 -0.9 -0.43 0.00 0.00
75 2017_10_22_16:25:36_055 255 0 6.787 0.1 -0.0063,-0.0041 0 0.00E+000 -0.9 0.0 379.8 -0.9 -0.43 0.00 0.00
76 2017_10_22_16:25:36_145 255 0 6.787 0.1 -0.0063,-0.0041 0 0.00E+000 -0.9 0.0 379.8 -0.9 -0.43 0.00 0.00
77 2017_10_22_16:25:36_239 255 0 6.787 0.1 -0.0063,-0.0041 0 0.00E+000 -0.9 0.0 379.8 -0.9 -0.43 0.00 0.00
78 2017_10_22_16:25:36_333 255 0 6.787 0.1 -0.0063,-0.0041 0 0.00E+000 -0.9 0.0 379.8 -0.9 -0.43 0.00 0.00
79 2017_10_22_16:25:36_427 255 0 6.787 0.1 -0.0063,-0.0041 0 0.00E+000 -0.9 0.0 379.8 -0.9 -0.43 0.00 0.00
80 2017_10_22_16:25:36_518 255 0 6.787 0.1 -0.0063,-0.0041 0 0.00E+000 -0.9 0.0 379.8 -0.9 -0.43 0.00 0.00
81 2017_10_22_16:25:36_608 255 0 6.787 0.1 -0.0063,-0.0041 0 0.00E+000 -0.9 0.0 379.8 -0.9 -0.43 0.00 0.00
82 2017_10_22_16:25:36_699 255 0 6.787 0.1 -0.0063,-0.0041 0 0.00E+000 -0.9 0.0 379.8 -0.9 -0.43 0.00 0.00
83 2017_10_22_16:25:36_789 255 0 6.787 0.1 -0.0063,-0.0041 0 0.00E+000 -0.9 0.0 379.8 -0.9 -0.43 0.00 0.00
84 2017_10_22_16:25:36_879 255 0 6.787 0.1 -0.0063,-0.0041 0 0.00E+000 -0.9 0.0 379.8 -0.9 -0.43 0.00 0.00
85 2017_10_22_16:25:36_969 255 0 6.787 0.1 -0.0063,-0.0041 0 0.00E+000 -0.9 0.0 379.8 -0.9 -0.43 0.00 0.00
86 2017_10_22_16:25:37_060 255 0 6.787 0.1 -0.0063,-0.0041 0 0.00E+000 -0.9 0.0 379.8 -0.9 -0.43 0.00 0.00
87 2017_10_22_16:25:37_150 255 0 6.787 0.1 -0.0063,-0.0041 0 0.00E+000 -0.9 0.0 379.8 -0.9 -0.43 0.00 0.00
88 2017_10_22_16:26:45_314 255 0 6.787 0.1 -0.0063,-0.0041 0 0.00E+000 -0.9 0.0 379.8 -0.9 -0.43 0.00 0.00
89 2017_10_22_16:26:45_405 255 0 6.787 0.1 -0.0063,-0.0041 0 0.00E+000 -0.9 0.0 379.8 -0.9 -0.43 0.00 0.00
90 2017_10_22_16:26:45_496 255 0 6.787 0.1 -0.0063,-0.0041 0 0.00E+000 -0.9 0.0 379.8 -0.9 -0.43 0.00 0.00
91 2017_10_22_16:26:45_586 255 0 6.787 0.1 -0.0063,-0.0041 0 0.00E+000 -0.9 0.0 379.8 -0.9 -0.43 0.00 0.00
92 2017_10_22_16:26:45_675 255 0 6.787 0.1 -0.0063,-0.0041 0 0.00E+000 -0.9 0.0 379.8 -0.9 -0.43 0.00 0.00
93 2017_10_22_16:26:45_765 255 0 6.787 0.1 -0.0063,-0.0041 0 0.00E+000 -0.9 0.0 379.8 -0.9 -0.43 0.00 0.00
94 2017_10_22_16:26:45_857 255 0 6.787 0.1 -0.0063,-0.0041 0 0.00E+000 -0.9 0.0 379.8 -0.9 -0.43 0.00 0.00
95 2017_10_22_16:26:45_949 255 0 6.787 0.1 -0.0063,-0.0041 0 0.00E+000 -0.9 0.0 379.8 -0.9 -0.43 0.00 0.00
96 2017_10_22_16:26:46_039 255 0 6.787 0.1 -0.0063,-0.0041 0 0.00E+000 -0.9 0.0 379.8 -0.9 -0.43 0.00 0.00
