记录条数   时间  bin号 晶号 电压(V) 反向漏电流(uA) 色坐标(x,y) 相关色温(K) 色差 主波长(nm) 色纯度(%) 峰值波长(nm) 显色性指数 光通量(lm) 辐射通量(mW) 光效 
0 2017_06_07 15:28:08 235 4 0 2.898 0.2 0.4936,0.4234 2420 -3.53E-004 586.9 69.3 766.1 85.8 4.81 0.04 6.23
1 2017_06_07 15:28:08 276 4 0 2.898 0.2 0.4454,0.4527 3316 1.51E-002 578.2 63.6 753.0 86.0 3.44 0.01 3.49
2 2017_06_07 15:28:08 300 4 0 2.897 0.2 0.3988,0.4843 4336 3.73E-002 568.6 59.2 747.8 66.9 2.88 0.00 3.23
3 2017_06_07 15:28:08 322 4 0 2.893 0.3 0.3190,0.5264 6011 7.56E-002 548.5 48.8 583.1 18.2 2.44 0.00 1.99
4 2017_06_07 15:28:08 346 4 0 2.891 0.2 0.1781,0.5866 8976 1.38E-001 513.6 53.6 582.4 -41.5 2.02 0.00 1.53
5 2017_06_07 15:28:08 370 4 0 2.894 0.2 0.0377,0.6556 12029 1.92E-001 506.7 92.9 582.5 -87.9 1.84 0.00 1.38
6 2017_06_07 15:28:08 394 4 0 2.893 0.2 0.0100,0.8284 12117 2.03E-001 513.3 100.0 582.4 -178.2 1.68 0.00 1.16
7 2017_06_07 15:28:08 418 4 0 2.893 0.2 0.0100,1.0100 11724 2.05E-001 522.1 100.0 582.4 -293.3 1.54 0.00 0.89
8 2017_06_07 15:28:08 441 4 0 2.902 0.3 1.0100,0.0100 10552 2.09E-001 769.0 100.0 582.4 非数字 1.32 0.00 0.40
9 2017_06_07 15:28:08 464 4 0 2.897 0.2 1.0100,0.0100 9118 2.16E-001 769.0 100.0 582.5 非数字 1.19 0.00 0.30
10 2017_06_07 15:28:08 487 4 0 2.895 0.2 1.0100,0.0100 7433 2.32E-001 769.0 100.0 582.4 非数字 1.11 0.00 0.17
11 2017_06_07 15:28:08 510 4 0 2.890 0.2 1.0100,0.0100 8828 2.18E-001 769.0 100.0 563.1 非数字 1.17 0.00 0.26
12 2017_06_07 15:28:08 534 4 0 2.896 0.2 1.0100,0.0100 8289 2.22E-001 769.0 100.0 563.0 非数字 1.15 0.00 0.31
13 2017_06_07 15:28:08 557 4 0 2.896 0.2 1.0100,0.0100 7727 2.28E-001 769.0 100.0 582.4 非数字 1.13 0.00 0.22
14 2017_06_07 15:28:08 580 4 0 2.899 0.2 1.0100,0.0100 7122 2.36E-001 769.0 100.0 562.8 非数字 1.11 0.00 0.19
15 2017_06_07 15:28:08 604 4 0 2.898 0.2 1.0100,0.0100 5727 2.69E-001 769.0 100.0 556.8 非数字 1.07 0.00 0.12
16 2017_06_07 15:28:08 628 4 0 2.907 0.2 1.0100,0.0100 6230 2.54E-001 769.0 100.0 562.9 非数字 1.09 0.00 0.12
17 2017_06_07 15:28:08 652 4 0 2.892 0.2 1.0100,0.0100 6307 2.52E-001 769.0 100.0 556.8 非数字 1.09 0.00 0.17
18 2017_06_07 15:28:08 675 4 0 2.894 0.2 1.0100,0.0100 6518 2.47E-001 769.0 100.0 556.7 非数字 1.10 0.00 0.18
19 2017_06_07 15:28:08 699 4 0 2.893 0.2 1.0100,0.0100 6967 2.39E-001 769.0 100.0 556.8 非数字 1.11 0.00 0.21
20 2017_06_07 15:28:08 724 4 0 2.910 0.2 1.0100,0.0100 6587 2.46E-001 769.0 100.0 582.4 非数字 1.10 0.00 0.14
21 2017_06_07 15:28:08 747 4 0 2.894 0.2 1.0100,0.0100 7398 2.32E-001 769.0 100.0 563.0 非数字 1.12 0.00 0.20
22 2017_06_07 15:28:08 771 4 0 2.893 0.2 1.0100,0.0100 7117 2.36E-001 769.0 100.0 563.0 非数字 1.12 0.00 0.17
23 2017_06_07 15:28:08 794 4 0 2.895 0.2 1.0100,0.0100 6408 2.50E-001 769.0 100.0 563.0 非数字 1.09 0.00 0.19
24 2017_06_07 15:28:08 817 4 0 2.900 0.2 1.0100,0.0100 5308 2.86E-001 769.0 100.0 582.4 非数字 1.07 0.00 0.13
25 2017_06_07 15:28:08 841 4 0 2.891 0.2 1.0100,0.0100 3008 6.99E-001 769.0 100.0 562.9 非数字 1.03 0.00 0.05
26 2017_06_07 15:28:08 865 4 0 2.893 0.3 1.0100,0.0100 3008 6.99E-001 769.0 100.0 562.9 非数字 1.03 0.00 0.05
27 2017_06_07 15:28:08 889 4 0 2.894 0.2 1.0100,0.0100 5322 2.85E-001 769.0 100.0 562.9 非数字 1.07 0.00 0.11
28 2017_06_07 15:28:08 913 4 0 2.892 0.2 1.0100,0.0100 1001 -6.56E-001 769.0 100.0 563.0 非数字 1.02 0.00 0.03
29 2017_06_07 15:28:08 939 4 0 2.890 0.2 1.0100,0.0100 3759 4.38E-001 769.0 100.0 562.9 非数字 1.04 0.00 0.08
30 2017_06_07 15:28:08 966 4 0 2.894 0.3 1.0100,0.0100 3008 6.99E-001 769.0 100.0 563.0 非数字 1.03 0.00 0.04
31 2017_06_07 15:28:08 991 4 0 2.902 0.2 1.0100,0.0100 1001 -6.56E-001 769.0 100.0 563.0 非数字 1.02 0.00 0.03
32 2017_06_07 15:28:09 014 4 0 2.892 0.2 1.0100,0.0100 3008 6.99E-001 769.0 100.0 562.9 非数字 1.03 0.00 0.06
33 2017_06_07 15:28:09 038 4 0 2.898 0.2 1.0100,0.0100 3008 6.99E-001 769.0 100.0 563.0 非数字 1.03 0.00 0.06
34 2017_06_07 15:28:09 062 4 0 2.897 0.2 1.0100,0.0100 1001 -6.56E-001 769.0 100.0 562.9 非数字 1.00 0.00 0.01
35 2017_06_07 15:28:09 085 4 0 2.900 0.2 1.0100,0.0100 1001 -6.56E-001 769.0 100.0 563.0 非数字 1.00 0.00 0.00
36 2017_06_07 15:28:09 108 4 0 2.893 0.3 1.0100,0.0100 1001 -6.56E-001 769.0 100.0 563.0 非数字 1.00 0.00 0.01
37 2017_06_07 15:28:09 132 4 0 2.899 0.2 1.0100,0.0100 3657 4.60E-001 769.0 100.0 563.0 非数字 1.00 0.00 0.00
38 2017_06_07 15:28:09 157 4 0 2.903 0.2 1.0100,0.0100 3485 5.03E-001 769.0 100.0 563.1 非数字 1.00 0.00 0.00
39 2017_06_07 15:28:09 180 4 0 2.891 0.2 1.0100,0.0100 3008 6.99E-001 769.0 100.0 563.1 非数字 1.00 0.00 0.00
40 2017_06_07 15:28:09 204 4 0 2.894 0.3 1.0100,0.0100 3081 6.58E-001 769.0 100.0 563.2 非数字 1.00 0.00 0.00
41 2017_06_07 15:28:09 227 4 0 2.900 0.3 1.0100,0.0100 4159 3.75E-001 769.0 100.0 761.2 非数字 1.00 0.00 0.00
42 2017_06_07 15:28:09 250 4 0 2.896 0.2 1.0100,0.0100 1001 -6.56E-001 769.0 100.0 552.4 非数字 1.02 0.00 0.03
43 2017_06_07 15:28:09 274 4 0 2.893 0.2 1.0100,0.0100 1001 -6.56E-001 769.0 100.0 552.4 非数字 1.01 0.00 0.02
44 2017_06_07 15:28:09 298 4 0 2.892 0.2 1.0100,0.0100 4092 3.84E-001 769.0 100.0 552.4 非数字 1.00 0.00 0.00
45 2017_06_07 15:28:09 322 4 0 2.908 0.2 1.0100,0.0100 3722 4.46E-001 769.0 100.0 552.4 非数字 1.00 0.00 0.00
46 2017_06_07 15:28:09 346 4 0 2.900 0.2 1.0100,0.0100 3817 4.27E-001 769.0 100.0 552.4 非数字 1.00 0.00 0.00
47 2017_06_07 15:28:09 371 4 0 2.900 0.2 1.0100,0.0100 3806 4.29E-001 769.0 100.0 552.3 非数字 1.00 0.00 0.00
48 2017_06_07 15:28:09 394 4 0 2.899 0.2 1.0100,0.0100 3748 4.41E-001 769.0 100.0 552.4 非数字 1.00 0.00 0.00
49 2017_06_07 15:28:09 418 4 0 2.893 0.2 1.0100,0.0100 3451 5.13E-001 769.0 100.0 552.4 非数字 1.00 0.00 0.00
50 2017_06_07 15:28:09 442 4 0 2.894 0.2 1.0100,0.0100 3393 5.31E-001 769.0 100.0 552.4 非数字 1.00 0.00 0.00
51 2017_06_07 15:28:09 466 4 0 2.891 0.3 1.0100,0.0100 3240 5.86E-001 769.0 100.0 552.4 非数字 1.00 0.00 0.00
52 2017_06_07 15:28:09 490 4 0 2.896 0.2 1.0100,0.0100 3291 5.66E-001 769.0 100.0 552.4 非数字 1.00 0.00 0.00
53 2017_06_07 15:28:09 514 4 0 2.893 0.2 1.0100,0.0100 3258 5.79E-001 769.0 100.0 552.4 非数字 1.00 0.00 0.00
54 2017_06_07 15:28:09 538 4 0 2.897 0.2 1.0100,0.0100 3457 5.11E-001 769.0 100.0 552.4 非数字 1.00 0.00 0.00
55 2017_06_07 15:28:09 562 4 0 2.902 0.2 1.0100,0.0100 3461 5.10E-001 769.0 100.0 552.4 非数字 1.00 0.00 0.00
56 2017_06_07 15:28:09 585 4 0 2.893 0.2 1.0100,0.0100 3352 5.44E-001 769.0 100.0 552.4 非数字 1.00 0.00 0.00
57 2017_06_07 15:28:09 610 4 0 2.895 0.2 1.0100,0.0100 3378 5.35E-001 769.0 100.0 552.4 非数字 1.00 0.00 0.00
58 2017_06_07 15:28:09 633 4 0 2.892 0.2 1.0100,0.0100 3235 5.88E-001 769.0 100.0 552.4 非数字 1.00 0.00 0.00
59 2017_06_07 15:28:09 657 4 0 2.895 0.2 1.0100,0.0100 3203 6.01E-001 769.0 100.0 552.4 非数字 1.00 0.00 0.00
60 2017_06_07 15:28:09 680 4 0 2.896 0.2 1.0100,0.0100 3157 6.21E-001 769.0 100.0 552.4 非数字 1.00 0.00 0.00
61 2017_06_07 15:28:09 707 4 0 2.893 0.2 1.0100,0.0100 3008 6.99E-001 769.0 100.0 552.4 非数字 1.00 0.00 0.00
62 2017_06_07 15:28:09 732 4 0 2.898 0.3 1.0100,0.0100 3019 6.92E-001 769.0 100.0 552.4 非数字 1.00 0.00 0.00
63 2017_06_07 15:28:09 756 4 0 2.899 0.2 1.0100,0.0100 3008 6.99E-001 769.0 100.0 552.4 非数字 1.00 0.00 0.00
64 2017_06_07 15:28:09 781 4 0 2.898 0.2 1.0100,0.0100 3008 6.99E-001 769.0 100.0 552.4 非数字 1.00 0.00 0.00
65 2017_06_07 15:28:09 805 4 0 2.893 0.2 1.0100,0.0100 3008 6.99E-001 769.0 100.0 552.4 非数字 1.00 0.00 0.00
66 2017_06_07 15:28:09 829 4 0 2.897 0.3 1.0100,0.0100 3008 6.99E-001 769.0 100.0 552.4 非数字 1.00 0.00 0.00
67 2017_06_07 15:28:09 853 4 0 2.895 0.2 1.0100,0.0100 3018 6.93E-001 769.0 100.0 552.4 非数字 1.00 0.00 0.00
68 2017_06_07 15:28:09 877 4 0 2.893 0.2 1.0100,0.0100 3008 6.99E-001 769.0 100.0 552.4 非数字 1.00 0.00 0.00
69 2017_06_07 15:28:09 902 4 0 2.893 0.2 1.0100,0.0100 3008 6.99E-001 769.0 100.0 552.4 非数字 1.00 0.00 0.00
70 2017_06_07 15:28:09 926 4 0 2.897 0.2 1.0100,0.0100 3008 6.99E-001 769.0 100.0 552.4 非数字 1.00 0.00 0.00
71 2017_06_07 15:28:09 950 4 0 2.897 0.2 1.0100,0.0100 3008 6.99E-001 769.0 100.0 552.4 非数字 1.00 0.00 0.00
72 2017_06_07 15:28:09 974 4 0 2.890 0.2 1.0100,0.0100 3008 6.99E-001 769.0 100.0 552.4 非数字 1.00 0.00 0.00
73 2017_06_07 15:28:09 998 4 0 2.890 0.2 1.0100,0.0100 3008 6.99E-001 769.0 100.0 552.4 非数字 1.00 0.00 0.00
74 2017_06_07 15:28:10 022 4 0 2.893 0.3 1.0100,0.0100 3008 6.99E-001 769.0 100.0 552.4 非数字 1.00 0.00 0.00
75 2017_06_07 15:28:10 046 4 0 2.893 0.2 1.0100,0.0100 3008 6.99E-001 769.0 100.0 552.4 非数字 1.00 0.00 0.00
76 2017_06_07 15:28:10 070 4 0 2.896 0.2 1.0100,0.0100 3008 6.99E-001 769.0 100.0 552.4 非数字 1.00 0.00 0.00
77 2017_06_07 15:28:10 095 4 0 2.890 0.2 1.0100,0.0100 3008 6.99E-001 769.0 100.0 552.4 非数字 1.00 0.00 0.00
