记录条数   时间  bin号 晶号 电压(V) 反向漏电流(uA) 色坐标(x,y) 相关色温(K) 色差 主波长(nm) 色纯度(%) 峰值波长(nm) 显色性指数 光通量(lm) 辐射通量(mW) 光效 
0 2017_06_16 16:33:10 569 255 0 -0.010 0.0 0.8112,0.0100 1001 -6.56E-001 769.0 100.0 750.9 非数字 1.00 0.00 0.00
1 2017_06_16 16:33:10 579 255 0 -0.010 0.0 0.8112,0.0100 1001 -6.56E-001 769.0 100.0 750.9 非数字 1.00 0.00 0.00
2 2017_06_16 16:33:10 584 255 0 -0.010 0.0 0.8112,0.0100 1001 -6.56E-001 769.0 100.0 750.9 非数字 1.00 0.00 0.00
3 2017_06_16 16:33:10 591 255 0 -0.010 0.0 0.8112,0.0100 1001 -6.56E-001 769.0 100.0 750.9 非数字 1.00 0.00 0.00
4 2017_06_16 16:33:10 596 255 0 -0.010 0.0 0.8112,0.0100 1001 -6.56E-001 769.0 100.0 750.9 非数字 1.00 0.00 0.00
5 2017_06_16 16:33:10 601 255 0 -0.010 0.0 0.8112,0.0100 1001 -6.56E-001 769.0 100.0 750.9 非数字 1.00 0.00 0.00
6 2017_06_16 16:33:10 606 255 0 -0.010 0.0 0.8112,0.0100 1001 -6.56E-001 769.0 100.0 750.9 非数字 1.00 0.00 0.00
7 2017_06_16 16:33:10 611 255 0 -0.010 0.0 0.8112,0.0100 1001 -6.56E-001 769.0 100.0 750.9 非数字 1.00 0.00 0.00
8 2017_06_16 16:33:10 616 255 0 -0.010 0.0 0.8112,0.0100 1001 -6.56E-001 769.0 100.0 750.9 非数字 1.00 0.00 0.00
9 2017_06_16 16:33:10 621 255 0 -0.010 0.0 0.8112,0.0100 1001 -6.56E-001 769.0 100.0 750.9 非数字 1.00 0.00 0.00
10 2017_06_16 16:33:10 626 255 0 -0.010 0.0 0.8112,0.0100 1001 -6.56E-001 769.0 100.0 750.9 非数字 1.00 0.00 0.00
11 2017_06_16 16:33:10 631 255 0 -0.010 0.0 0.8112,0.0100 1001 -6.56E-001 769.0 100.0 750.9 非数字 1.00 0.00 0.00
12 2017_06_16 16:33:10 636 255 0 -0.010 0.0 0.8112,0.0100 1001 -6.56E-001 769.0 100.0 750.9 非数字 1.00 0.00 0.00
13 2017_06_16 16:33:10 641 255 0 -0.010 0.0 0.8112,0.0100 1001 -6.56E-001 769.0 100.0 750.9 非数字 1.00 0.00 0.00
14 2017_06_16 16:33:10 646 255 0 -0.010 0.0 0.8112,0.0100 1001 -6.56E-001 769.0 100.0 750.9 非数字 1.00 0.00 0.00
15 2017_06_16 16:33:10 651 255 0 -0.010 0.0 0.8112,0.0100 1001 -6.56E-001 769.0 100.0 750.9 非数字 1.00 0.00 0.00
16 2017_06_16 16:33:10 656 255 0 -0.010 0.0 0.8112,0.0100 1001 -6.56E-001 769.0 100.0 750.9 非数字 1.00 0.00 0.00
17 2017_06_16 16:33:10 661 255 0 -0.010 0.0 0.8112,0.0100 1001 -6.56E-001 769.0 100.0 750.9 非数字 1.00 0.00 0.00
18 2017_06_16 16:33:10 666 255 0 -0.010 0.0 0.8112,0.0100 1001 -6.56E-001 769.0 100.0 750.9 非数字 1.00 0.00 0.00
19 2017_06_16 16:33:10 671 255 0 -0.010 0.0 0.8112,0.0100 1001 -6.56E-001 769.0 100.0 750.9 非数字 1.00 0.00 0.00
20 2017_06_16 16:33:10 676 255 0 -0.010 0.0 0.8112,0.0100 1001 -6.56E-001 769.0 100.0 750.9 非数字 1.00 0.00 0.00
21 2017_06_16 16:33:10 681 255 0 -0.010 0.0 0.8112,0.0100 1001 -6.56E-001 769.0 100.0 750.9 非数字 1.00 0.00 0.00
22 2017_06_16 16:33:10 686 255 0 -0.010 0.0 0.8112,0.0100 1001 -6.56E-001 769.0 100.0 750.9 非数字 1.00 0.00 0.00
23 2017_06_16 16:33:10 691 255 0 -0.010 0.0 0.8112,0.0100 1001 -6.56E-001 769.0 100.0 750.9 非数字 1.00 0.00 0.00
24 2017_06_16 16:33:10 696 255 0 -0.010 0.0 0.8112,0.0100 1001 -6.56E-001 769.0 100.0 750.9 非数字 1.00 0.00 0.00
25 2017_06_16 16:33:10 701 255 0 -0.010 0.0 0.8112,0.0100 1001 -6.56E-001 769.0 100.0 750.9 非数字 1.00 0.00 0.00
26 2017_06_16 16:33:10 706 255 0 -0.010 0.0 0.8112,0.0100 1001 -6.56E-001 769.0 100.0 750.9 非数字 1.00 0.00 0.00
27 2017_06_16 16:33:10 711 255 0 -0.010 0.0 0.8112,0.0100 1001 -6.56E-001 769.0 100.0 750.9 非数字 1.00 0.00 0.00
28 2017_06_16 16:33:10 716 255 0 -0.010 0.0 0.8112,0.0100 1001 -6.56E-001 769.0 100.0 750.9 非数字 1.00 0.00 0.00
29 2017_06_16 16:33:10 721 255 0 -0.010 0.0 0.8112,0.0100 1001 -6.56E-001 769.0 100.0 750.9 非数字 1.00 0.00 0.00
30 2017_06_16 16:33:10 726 255 0 -0.010 0.0 0.8112,0.0100 1001 -6.56E-001 769.0 100.0 750.9 非数字 1.00 0.00 0.00
31 2017_06_16 16:33:10 731 255 0 -0.010 0.0 0.8112,0.0100 1001 -6.56E-001 769.0 100.0 750.9 非数字 1.00 0.00 0.00
32 2017_06_16 16:33:10 736 255 0 -0.010 0.0 0.8112,0.0100 1001 -6.56E-001 769.0 100.0 750.9 非数字 1.00 0.00 0.00
33 2017_06_16 16:33:10 742 255 0 -0.010 0.0 0.8112,0.0100 1001 -6.56E-001 769.0 100.0 750.9 非数字 1.00 0.00 0.00
34 2017_06_16 16:33:10 747 255 0 -0.010 0.0 0.8112,0.0100 1001 -6.56E-001 769.0 100.0 750.9 非数字 1.00 0.00 0.00
35 2017_06_16 16:33:10 752 255 0 -0.010 0.0 0.8112,0.0100 1001 -6.56E-001 769.0 100.0 750.9 非数字 1.00 0.00 0.00
36 2017_06_16 16:33:10 757 255 0 -0.010 0.0 0.8112,0.0100 1001 -6.56E-001 769.0 100.0 750.9 非数字 1.00 0.00 0.00
37 2017_06_16 16:33:10 762 255 0 -0.010 0.0 0.8112,0.0100 1001 -6.56E-001 769.0 100.0 750.9 非数字 1.00 0.00 0.00
38 2017_06_16 16:33:10 767 255 0 -0.010 0.0 0.8112,0.0100 1001 -6.56E-001 769.0 100.0 750.9 非数字 1.00 0.00 0.00
39 2017_06_16 16:33:10 772 255 0 -0.010 0.0 0.8112,0.0100 1001 -6.56E-001 769.0 100.0 750.9 非数字 1.00 0.00 0.00
40 2017_06_16 16:33:10 777 255 0 -0.010 0.0 0.8112,0.0100 1001 -6.56E-001 769.0 100.0 750.9 非数字 1.00 0.00 0.00
41 2017_06_16 16:33:10 782 255 0 -0.010 0.0 0.8112,0.0100 1001 -6.56E-001 769.0 100.0 750.9 非数字 1.00 0.00 0.00
42 2017_06_16 16:33:10 787 255 0 -0.010 0.0 0.8112,0.0100 1001 -6.56E-001 769.0 100.0 750.9 非数字 1.00 0.00 0.00
43 2017_06_16 16:33:10 792 255 0 -0.010 0.0 0.8112,0.0100 1001 -6.56E-001 769.0 100.0 750.9 非数字 1.00 0.00 0.00
44 2017_06_16 16:33:10 798 255 0 -0.010 0.0 0.8112,0.0100 1001 -6.56E-001 769.0 100.0 750.9 非数字 1.00 0.00 0.00
45 2017_06_16 16:33:10 803 255 0 -0.010 0.0 0.8112,0.0100 1001 -6.56E-001 769.0 100.0 750.9 非数字 1.00 0.00 0.00
46 2017_06_16 16:33:10 808 255 0 -0.010 0.0 0.8112,0.0100 1001 -6.56E-001 769.0 100.0 750.9 非数字 1.00 0.00 0.00
47 2017_06_16 16:33:10 813 255 0 -0.010 0.0 0.8112,0.0100 1001 -6.56E-001 769.0 100.0 750.9 非数字 1.00 0.00 0.00
48 2017_06_16 16:33:10 818 255 0 -0.010 0.0 0.8112,0.0100 1001 -6.56E-001 769.0 100.0 750.9 非数字 1.00 0.00 0.00
49 2017_06_16 16:33:10 823 255 0 -0.010 0.0 0.8112,0.0100 1001 -6.56E-001 769.0 100.0 750.9 非数字 1.00 0.00 0.00
50 2017_06_16 16:33:10 828 255 0 -0.010 0.0 0.8112,0.0100 1001 -6.56E-001 769.0 100.0 750.9 非数字 1.00 0.00 0.00
51 2017_06_16 16:33:10 833 255 0 -0.010 0.0 0.8112,0.0100 1001 -6.56E-001 769.0 100.0 750.9 非数字 1.00 0.00 0.00
52 2017_06_16 16:33:10 838 255 0 -0.010 0.0 0.8112,0.0100 1001 -6.56E-001 769.0 100.0 750.9 非数字 1.00 0.00 0.00
53 2017_06_16 16:33:10 843 255 0 -0.010 0.0 0.8112,0.0100 1001 -6.56E-001 769.0 100.0 750.9 非数字 1.00 0.00 0.00
54 2017_06_16 16:33:10 848 255 0 -0.010 0.0 0.8112,0.0100 1001 -6.56E-001 769.0 100.0 750.9 非数字 1.00 0.00 0.00
55 2017_06_16 16:33:10 853 255 0 -0.010 0.0 0.8112,0.0100 1001 -6.56E-001 769.0 100.0 750.9 非数字 1.00 0.00 0.00
56 2017_06_16 16:33:10 858 255 0 -0.010 0.0 0.8112,0.0100 1001 -6.56E-001 769.0 100.0 750.9 非数字 1.00 0.00 0.00
57 2017_06_16 16:33:10 863 255 0 -0.010 0.0 0.8112,0.0100 1001 -6.56E-001 769.0 100.0 750.9 非数字 1.00 0.00 0.00
58 2017_06_16 16:33:10 868 255 0 -0.010 0.0 0.8112,0.0100 1001 -6.56E-001 769.0 100.0 750.9 非数字 1.00 0.00 0.00
59 2017_06_16 16:33:10 873 255 0 -0.010 0.0 0.8112,0.0100 1001 -6.56E-001 769.0 100.0 750.9 非数字 1.00 0.00 0.00
60 2017_06_16 16:33:10 878 255 0 -0.010 0.0 0.8112,0.0100 1001 -6.56E-001 769.0 100.0 750.9 非数字 1.00 0.00 0.00
61 2017_06_16 16:33:10 883 255 0 -0.010 0.0 0.8112,0.0100 1001 -6.56E-001 769.0 100.0 750.9 非数字 1.00 0.00 0.00
62 2017_06_16 16:33:10 888 255 0 -0.010 0.0 0.8112,0.0100 1001 -6.56E-001 769.0 100.0 750.9 非数字 1.00 0.00 0.00
63 2017_06_16 16:33:10 893 255 0 -0.010 0.0 0.8112,0.0100 1001 -6.56E-001 769.0 100.0 750.9 非数字 1.00 0.00 0.00
64 2017_06_16 16:33:10 898 255 0 -0.010 0.0 0.8112,0.0100 1001 -6.56E-001 769.0 100.0 750.9 非数字 1.00 0.00 0.00
65 2017_06_16 16:33:10 903 255 0 -0.010 0.0 0.8112,0.0100 1001 -6.56E-001 769.0 100.0 750.9 非数字 1.00 0.00 0.00
66 2017_06_16 16:33:10 908 255 0 -0.010 0.0 0.8112,0.0100 1001 -6.56E-001 769.0 100.0 750.9 非数字 1.00 0.00 0.00
67 2017_06_16 16:33:10 913 255 0 -0.010 0.0 0.8112,0.0100 1001 -6.56E-001 769.0 100.0 750.9 非数字 1.00 0.00 0.00
68 2017_06_16 16:33:10 919 255 0 -0.010 0.0 0.8112,0.0100 1001 -6.56E-001 769.0 100.0 750.9 非数字 1.00 0.00 0.00
69 2017_06_16 16:33:10 924 255 0 -0.010 0.0 0.8112,0.0100 1001 -6.56E-001 769.0 100.0 750.9 非数字 1.00 0.00 0.00
70 2017_06_16 16:33:10 929 255 0 -0.010 0.0 0.8112,0.0100 1001 -6.56E-001 769.0 100.0 750.9 非数字 1.00 0.00 0.00
71 2017_06_16 16:33:10 934 255 0 -0.010 0.0 0.8112,0.0100 1001 -6.56E-001 769.0 100.0 750.9 非数字 1.00 0.00 0.00
72 2017_06_16 16:33:10 939 255 0 -0.010 0.0 0.8112,0.0100 1001 -6.56E-001 769.0 100.0 750.9 非数字 1.00 0.00 0.00
73 2017_06_16 16:33:10 944 255 0 -0.010 0.0 0.8112,0.0100 1001 -6.56E-001 769.0 100.0 750.9 非数字 1.00 0.00 0.00
74 2017_06_16 16:33:10 949 255 0 -0.010 0.0 0.8112,0.0100 1001 -6.56E-001 769.0 100.0 750.9 非数字 1.00 0.00 0.00
75 2017_06_16 16:33:10 954 255 0 -0.010 0.0 0.8112,0.0100 1001 -6.56E-001 769.0 100.0 750.9 非数字 1.00 0.00 0.00
76 2017_06_16 16:33:10 959 255 0 -0.010 0.0 0.8112,0.0100 1001 -6.56E-001 769.0 100.0 750.9 非数字 1.00 0.00 0.00
77 2017_06_16 16:33:10 964 255 0 -0.010 0.0 0.8112,0.0100 1001 -6.56E-001 769.0 100.0 750.9 非数字 1.00 0.00 0.00
78 2017_06_16 16:33:10 969 255 0 -0.010 0.0 0.8112,0.0100 1001 -6.56E-001 769.0 100.0 750.9 非数字 1.00 0.00 0.00
79 2017_06_16 16:33:10 974 255 0 -0.010 0.0 0.8112,0.0100 1001 -6.56E-001 769.0 100.0 750.9 非数字 1.00 0.00 0.00
80 2017_06_16 16:33:10 979 255 0 -0.010 0.0 0.8112,0.0100 1001 -6.56E-001 769.0 100.0 750.9 非数字 1.00 0.00 0.00
81 2017_06_16 16:33:10 984 255 0 -0.010 0.0 0.8112,0.0100 1001 -6.56E-001 769.0 100.0 750.9 非数字 1.00 0.00 0.00
82 2017_06_16 16:33:10 989 255 0 -0.010 0.0 0.8112,0.0100 1001 -6.56E-001 769.0 100.0 750.9 非数字 1.00 0.00 0.00
83 2017_06_16 16:33:10 995 255 0 -0.010 0.0 0.8112,0.0100 1001 -6.56E-001 769.0 100.0 750.9 非数字 1.00 0.00 0.00
84 2017_06_16 16:33:11 000 255 0 -0.010 0.0 0.8112,0.0100 1001 -6.56E-001 769.0 100.0 750.9 非数字 1.00 0.00 0.00
85 2017_06_16 16:33:11 005 255 0 -0.010 0.0 0.8112,0.0100 1001 -6.56E-001 769.0 100.0 750.9 非数字 1.00 0.00 0.00
86 2017_06_16 16:33:11 011 255 0 -0.010 0.0 0.8112,0.0100 1001 -6.56E-001 769.0 100.0 750.9 非数字 1.00 0.00 0.00
87 2017_06_16 16:33:11 017 255 0 -0.010 0.0 0.8112,0.0100 1001 -6.56E-001 769.0 100.0 750.9 非数字 1.00 0.00 0.00
88 2017_06_16 16:33:11 023 255 0 -0.010 0.0 0.8112,0.0100 1001 -6.56E-001 769.0 100.0 750.9 非数字 1.00 0.00 0.00
89 2017_06_16 16:33:11 029 255 0 -0.010 0.0 0.8112,0.0100 1001 -6.56E-001 769.0 100.0 750.9 非数字 1.00 0.00 0.00
90 2017_06_16 16:33:11 035 255 0 -0.010 0.0 0.8112,0.0100 1001 -6.56E-001 769.0 100.0 750.9 非数字 1.00 0.00 0.00
91 2017_06_16 16:33:11 040 255 0 -0.010 0.0 0.8112,0.0100 1001 -6.56E-001 769.0 100.0 750.9 非数字 1.00 0.00 0.00
92 2017_06_16 16:33:11 046 255 0 -0.010 0.0 0.8112,0.0100 1001 -6.56E-001 769.0 100.0 750.9 非数字 1.00 0.00 0.00
93 2017_06_16 16:33:11 052 255 0 -0.010 0.0 0.8112,0.0100 1001 -6.56E-001 769.0 100.0 750.9 非数字 1.00 0.00 0.00
94 2017_06_16 16:33:11 057 255 0 -0.010 0.0 0.8112,0.0100 1001 -6.56E-001 769.0 100.0 750.9 非数字 1.00 0.00 0.00
95 2017_06_16 16:33:11 063 255 0 -0.010 0.0 0.8112,0.0100 1001 -6.56E-001 769.0 100.0 750.9 非数字 1.00 0.00 0.00
96 2017_06_16 16:33:11 068 255 0 -0.010 0.0 0.8112,0.0100 1001 -6.56E-001 769.0 100.0 750.9 非数字 1.00 0.00 0.00
97 2017_06_16 16:33:11 073 255 0 -0.010 0.0 0.8112,0.0100 1001 -6.56E-001 769.0 100.0 750.9 非数字 1.00 0.00 0.00
98 2017_06_16 16:33:11 078 255 0 -0.010 0.0 0.8112,0.0100 1001 -6.56E-001 769.0 100.0 750.9 非数字 1.00 0.00 0.00
99 2017_06_16 16:33:11 083 255 0 -0.010 0.0 0.8112,0.0100 1001 -6.56E-001 769.0 100.0 750.9 非数字 1.00 0.00 0.00
100 2017_06_16 16:33:11 089 255 0 -0.010 0.0 0.8112,0.0100 1001 -6.56E-001 769.0 100.0 750.9 非数字 1.00 0.00 0.00
101 2017_06_16 16:33:11 094 255 0 -0.010 0.0 0.8112,0.0100 1001 -6.56E-001 769.0 100.0 750.9 非数字 1.00 0.00 0.00
102 2017_06_16 16:33:11 101 255 0 -0.010 0.0 0.8112,0.0100 1001 -6.56E-001 769.0 100.0 750.9 非数字 1.00 0.00 0.00
103 2017_06_16 16:33:11 106 255 0 -0.010 0.0 0.8112,0.0100 1001 -6.56E-001 769.0 100.0 750.9 非数字 1.00 0.00 0.00
104 2017_06_16 16:33:11 111 255 0 -0.010 0.0 0.8112,0.0100 1001 -6.56E-001 769.0 100.0 750.9 非数字 1.00 0.00 0.00
105 2017_06_16 16:33:11 117 255 0 -0.010 0.0 0.8112,0.0100 1001 -6.56E-001 769.0 100.0 750.9 非数字 1.00 0.00 0.00
106 2017_06_16 16:33:11 122 255 0 -0.010 0.0 0.8112,0.0100 1001 -6.56E-001 769.0 100.0 750.9 非数字 1.00 0.00 0.00
107 2017_06_16 16:33:11 127 255 0 -0.010 0.0 0.8112,0.0100 1001 -6.56E-001 769.0 100.0 750.9 非数字 1.00 0.00 0.00
108 2017_06_16 16:33:11 132 255 0 -0.010 0.0 0.8112,0.0100 1001 -6.56E-001 769.0 100.0 750.9 非数字 1.00 0.00 0.00
109 2017_06_16 16:33:11 140 255 0 -0.010 0.0 0.8112,0.0100 1001 -6.56E-001 769.0 100.0 750.9 非数字 1.00 0.00 0.00
110 2017_06_16 16:33:11 145 255 0 -0.010 0.0 0.8112,0.0100 1001 -6.56E-001 769.0 100.0 750.9 非数字 1.00 0.00 0.00
111 2017_06_16 16:33:11 150 255 0 -0.010 0.0 0.8112,0.0100 1001 -6.56E-001 769.0 100.0 750.9 非数字 1.00 0.00 0.00
112 2017_06_16 16:33:11 155 255 0 -0.010 0.0 0.8112,0.0100 1001 -6.56E-001 769.0 100.0 750.9 非数字 1.00 0.00 0.00
113 2017_06_16 16:33:11 160 255 0 -0.010 0.0 0.8112,0.0100 1001 -6.56E-001 769.0 100.0 750.9 非数字 1.00 0.00 0.00
114 2017_06_16 16:33:11 165 255 0 -0.010 0.0 0.8112,0.0100 1001 -6.56E-001 769.0 100.0 750.9 非数字 1.00 0.00 0.00
115 2017_06_16 16:33:11 170 255 0 -0.010 0.0 0.8112,0.0100 1001 -6.56E-001 769.0 100.0 750.9 非数字 1.00 0.00 0.00
116 2017_06_16 16:33:11 175 255 0 -0.010 0.0 0.8112,0.0100 1001 -6.56E-001 769.0 100.0 750.9 非数字 1.00 0.00 0.00
117 2017_06_16 16:33:11 180 255 0 -0.010 0.0 0.8112,0.0100 1001 -6.56E-001 769.0 100.0 750.9 非数字 1.00 0.00 0.00
118 2017_06_16 16:33:11 186 255 0 -0.010 0.0 0.8112,0.0100 1001 -6.56E-001 769.0 100.0 750.9 非数字 1.00 0.00 0.00
119 2017_06_16 16:33:11 191 255 0 -0.010 0.0 0.8112,0.0100 1001 -6.56E-001 769.0 100.0 750.9 非数字 1.00 0.00 0.00
120 2017_06_16 16:33:11 196 255 0 -0.010 0.0 0.8112,0.0100 1001 -6.56E-001 769.0 100.0 750.9 非数字 1.00 0.00 0.00
121 2017_06_16 16:33:11 201 255 0 -0.010 0.0 0.8112,0.0100 1001 -6.56E-001 769.0 100.0 750.9 非数字 1.00 0.00 0.00
122 2017_06_16 16:33:11 206 255 0 -0.010 0.0 0.8112,0.0100 1001 -6.56E-001 769.0 100.0 750.9 非数字 1.00 0.00 0.00
123 2017_06_16 16:33:11 211 255 0 -0.010 0.0 0.8112,0.0100 1001 -6.56E-001 769.0 100.0 750.9 非数字 1.00 0.00 0.00
124 2017_06_16 16:33:11 216 255 0 -0.010 0.0 0.8112,0.0100 1001 -6.56E-001 769.0 100.0 750.9 非数字 1.00 0.00 0.00
125 2017_06_16 16:33:11 221 255 0 -0.010 0.0 0.8112,0.0100 1001 -6.56E-001 769.0 100.0 750.9 非数字 1.00 0.00 0.00
126 2017_06_16 16:33:11 226 255 0 -0.010 0.0 0.8112,0.0100 1001 -6.56E-001 769.0 100.0 750.9 非数字 1.00 0.00 0.00
127 2017_06_16 16:33:11 231 255 0 -0.010 0.0 0.8112,0.0100 1001 -6.56E-001 769.0 100.0 750.9 非数字 1.00 0.00 0.00
128 2017_06_16 16:33:11 236 255 0 -0.010 0.0 0.8112,0.0100 1001 -6.56E-001 769.0 100.0 750.9 非数字 1.00 0.00 0.00
129 2017_06_16 16:33:11 241 255 0 -0.010 0.0 0.8112,0.0100 1001 -6.56E-001 769.0 100.0 750.9 非数字 1.00 0.00 0.00
130 2017_06_16 16:33:11 246 255 0 -0.010 0.0 0.8112,0.0100 1001 -6.56E-001 769.0 100.0 750.9 非数字 1.00 0.00 0.00
131 2017_06_16 16:33:11 251 255 0 -0.010 0.0 0.8112,0.0100 1001 -6.56E-001 769.0 100.0 750.9 非数字 1.00 0.00 0.00
132 2017_06_16 16:33:11 256 255 0 -0.010 0.0 0.8112,0.0100 1001 -6.56E-001 769.0 100.0 750.9 非数字 1.00 0.00 0.00
133 2017_06_16 16:33:11 261 255 0 -0.010 0.0 0.8112,0.0100 1001 -6.56E-001 769.0 100.0 750.9 非数字 1.00 0.00 0.00
134 2017_06_16 16:33:11 266 255 0 -0.010 0.0 0.8112,0.0100 1001 -6.56E-001 769.0 100.0 750.9 非数字 1.00 0.00 0.00
135 2017_06_16 16:33:11 271 255 0 -0.010 0.0 0.8112,0.0100 1001 -6.56E-001 769.0 100.0 750.9 非数字 1.00 0.00 0.00
136 2017_06_16 16:33:11 277 255 0 -0.010 0.0 0.8112,0.0100 1001 -6.56E-001 769.0 100.0 750.9 非数字 1.00 0.00 0.00
137 2017_06_16 16:33:11 282 255 0 -0.010 0.0 0.8112,0.0100 1001 -6.56E-001 769.0 100.0 750.9 非数字 1.00 0.00 0.00
138 2017_06_16 16:33:11 287 255 0 -0.010 0.0 0.8112,0.0100 1001 -6.56E-001 769.0 100.0 750.9 非数字 1.00 0.00 0.00
139 2017_06_16 16:33:11 292 255 0 -0.010 0.0 0.8112,0.0100 1001 -6.56E-001 769.0 100.0 750.9 非数字 1.00 0.00 0.00
140 2017_06_16 16:33:11 297 255 0 -0.010 0.0 0.8112,0.0100 1001 -6.56E-001 769.0 100.0 750.9 非数字 1.00 0.00 0.00
141 2017_06_16 16:33:11 302 255 0 -0.010 0.0 0.8112,0.0100 1001 -6.56E-001 769.0 100.0 750.9 非数字 1.00 0.00 0.00
142 2017_06_16 16:33:11 307 255 0 -0.010 0.0 0.8112,0.0100 1001 -6.56E-001 769.0 100.0 750.9 非数字 1.00 0.00 0.00
143 2017_06_16 16:33:11 312 255 0 -0.010 0.0 0.8112,0.0100 1001 -6.56E-001 769.0 100.0 750.9 非数字 1.00 0.00 0.00
144 2017_06_16 16:33:11 317 255 0 -0.010 0.0 0.8112,0.0100 1001 -6.56E-001 769.0 100.0 750.9 非数字 1.00 0.00 0.00
145 2017_06_16 16:33:11 322 255 0 -0.010 0.0 0.8112,0.0100 1001 -6.56E-001 769.0 100.0 750.9 非数字 1.00 0.00 0.00
146 2017_06_16 16:33:11 327 255 0 -0.010 0.0 0.8112,0.0100 1001 -6.56E-001 769.0 100.0 750.9 非数字 1.00 0.00 0.00
147 2017_06_16 16:33:11 332 255 0 -0.010 0.0 0.8112,0.0100 1001 -6.56E-001 769.0 100.0 750.9 非数字 1.00 0.00 0.00
148 2017_06_16 16:33:11 337 255 0 -0.010 0.0 0.8112,0.0100 1001 -6.56E-001 769.0 100.0 750.9 非数字 1.00 0.00 0.00
149 2017_06_16 16:33:11 342 255 0 -0.010 0.0 0.8112,0.0100 1001 -6.56E-001 769.0 100.0 750.9 非数字 1.00 0.00 0.00
150 2017_06_16 16:33:11 347 255 0 -0.010 0.0 0.8112,0.0100 1001 -6.56E-001 769.0 100.0 750.9 非数字 1.00 0.00 0.00
151 2017_06_16 16:33:11 352 255 0 -0.010 0.0 0.8112,0.0100 1001 -6.56E-001 769.0 100.0 750.9 非数字 1.00 0.00 0.00
152 2017_06_16 16:33:11 357 255 0 -0.010 0.0 0.8112,0.0100 1001 -6.56E-001 769.0 100.0 750.9 非数字 1.00 0.00 0.00
153 2017_06_16 16:33:11 362 255 0 -0.010 0.0 0.8112,0.0100 1001 -6.56E-001 769.0 100.0 750.9 非数字 1.00 0.00 0.00
154 2017_06_16 16:33:11 367 255 0 -0.010 0.0 0.8112,0.0100 1001 -6.56E-001 769.0 100.0 750.9 非数字 1.00 0.00 0.00
155 2017_06_16 16:33:11 372 255 0 -0.010 0.0 0.8112,0.0100 1001 -6.56E-001 769.0 100.0 750.9 非数字 1.00 0.00 0.00
156 2017_06_16 16:33:11 377 255 0 -0.010 0.0 0.8112,0.0100 1001 -6.56E-001 769.0 100.0 750.9 非数字 1.00 0.00 0.00
157 2017_06_16 16:33:11 382 255 0 -0.010 0.0 0.8112,0.0100 1001 -6.56E-001 769.0 100.0 750.9 非数字 1.00 0.00 0.00
158 2017_06_16 16:33:11 387 255 0 -0.010 0.0 0.8112,0.0100 1001 -6.56E-001 769.0 100.0 750.9 非数字 1.00 0.00 0.00
159 2017_06_16 16:33:11 392 255 0 -0.010 0.0 0.8112,0.0100 1001 -6.56E-001 769.0 100.0 750.9 非数字 1.00 0.00 0.00
160 2017_06_16 16:33:11 397 255 0 -0.010 0.0 0.8112,0.0100 1001 -6.56E-001 769.0 100.0 750.9 非数字 1.00 0.00 0.00
161 2017_06_16 16:33:11 402 255 0 -0.010 0.0 0.8112,0.0100 1001 -6.56E-001 769.0 100.0 750.9 非数字 1.00 0.00 0.00
162 2017_06_16 16:33:11 407 255 0 -0.010 0.0 0.8112,0.0100 1001 -6.56E-001 769.0 100.0 750.9 非数字 1.00 0.00 0.00
163 2017_06_16 16:33:11 412 255 0 -0.010 0.0 0.8112,0.0100 1001 -6.56E-001 769.0 100.0 750.9 非数字 1.00 0.00 0.00
164 2017_06_16 16:33:11 417 255 0 -0.010 0.0 0.8112,0.0100 1001 -6.56E-001 769.0 100.0 750.9 非数字 1.00 0.00 0.00
165 2017_06_16 16:33:11 422 255 0 -0.010 0.0 0.8112,0.0100 1001 -6.56E-001 769.0 100.0 750.9 非数字 1.00 0.00 0.00
166 2017_06_16 16:33:11 427 255 0 -0.010 0.0 0.8112,0.0100 1001 -6.56E-001 769.0 100.0 750.9 非数字 1.00 0.00 0.00
167 2017_06_16 16:33:11 432 255 0 -0.010 0.0 0.8112,0.0100 1001 -6.56E-001 769.0 100.0 750.9 非数字 1.00 0.00 0.00
168 2017_06_16 16:33:11 437 255 0 -0.010 0.0 0.8112,0.0100 1001 -6.56E-001 769.0 100.0 750.9 非数字 1.00 0.00 0.00
169 2017_06_16 16:33:11 442 255 0 -0.010 0.0 0.8112,0.0100 1001 -6.56E-001 769.0 100.0 750.9 非数字 1.00 0.00 0.00
170 2017_06_16 16:33:11 447 255 0 -0.010 0.0 0.8112,0.0100 1001 -6.56E-001 769.0 100.0 750.9 非数字 1.00 0.00 0.00
171 2017_06_16 16:33:11 452 255 0 -0.010 0.0 0.8112,0.0100 1001 -6.56E-001 769.0 100.0 750.9 非数字 1.00 0.00 0.00
172 2017_06_16 16:33:11 457 255 0 -0.010 0.0 0.8112,0.0100 1001 -6.56E-001 769.0 100.0 750.9 非数字 1.00 0.00 0.00
173 2017_06_16 16:33:11 462 255 0 -0.010 0.0 0.8112,0.0100 1001 -6.56E-001 769.0 100.0 750.9 非数字 1.00 0.00 0.00
174 2017_06_16 16:33:11 467 255 0 -0.010 0.0 0.8112,0.0100 1001 -6.56E-001 769.0 100.0 750.9 非数字 1.00 0.00 0.00
175 2017_06_16 16:33:11 472 255 0 -0.010 0.0 0.8112,0.0100 1001 -6.56E-001 769.0 100.0 750.9 非数字 1.00 0.00 0.00
176 2017_06_16 16:33:11 477 255 0 -0.010 0.0 0.8112,0.0100 1001 -6.56E-001 769.0 100.0 750.9 非数字 1.00 0.00 0.00
177 2017_06_16 16:33:11 482 255 0 -0.010 0.0 0.8112,0.0100 1001 -6.56E-001 769.0 100.0 750.9 非数字 1.00 0.00 0.00
178 2017_06_16 16:33:11 487 255 0 -0.010 0.0 0.8112,0.0100 1001 -6.56E-001 769.0 100.0 750.9 非数字 1.00 0.00 0.00
179 2017_06_16 16:33:11 491 255 0 -0.010 0.0 0.8112,0.0100 1001 -6.56E-001 769.0 100.0 750.9 非数字 1.00 0.00 0.00
180 2017_06_16 16:33:11 497 255 0 -0.010 0.0 0.8112,0.0100 1001 -6.56E-001 769.0 100.0 750.9 非数字 1.00 0.00 0.00
181 2017_06_16 16:33:11 502 255 0 -0.010 0.0 0.8112,0.0100 1001 -6.56E-001 769.0 100.0 750.9 非数字 1.00 0.00 0.00
182 2017_06_16 16:33:11 507 255 0 -0.010 0.0 0.8112,0.0100 1001 -6.56E-001 769.0 100.0 750.9 非数字 1.00 0.00 0.00
183 2017_06_16 16:33:11 512 255 0 -0.010 0.0 0.8112,0.0100 1001 -6.56E-001 769.0 100.0 750.9 非数字 1.00 0.00 0.00
184 2017_06_16 16:33:11 517 255 0 -0.010 0.0 0.8112,0.0100 1001 -6.56E-001 769.0 100.0 750.9 非数字 1.00 0.00 0.00
185 2017_06_16 16:33:11 522 255 0 -0.010 0.0 0.8112,0.0100 1001 -6.56E-001 769.0 100.0 750.9 非数字 1.00 0.00 0.00
186 2017_06_16 16:33:11 527 255 0 -0.010 0.0 0.8112,0.0100 1001 -6.56E-001 769.0 100.0 750.9 非数字 1.00 0.00 0.00
187 2017_06_16 16:33:11 534 255 0 -0.010 0.0 0.8112,0.0100 1001 -6.56E-001 769.0 100.0 750.9 非数字 1.00 0.00 0.00
188 2017_06_16 16:33:11 539 255 0 -0.010 0.0 0.8112,0.0100 1001 -6.56E-001 769.0 100.0 750.9 非数字 1.00 0.00 0.00
189 2017_06_16 16:33:11 545 255 0 -0.010 0.0 0.8112,0.0100 1001 -6.56E-001 769.0 100.0 750.9 非数字 1.00 0.00 0.00
190 2017_06_16 16:33:11 550 255 0 -0.010 0.0 0.8112,0.0100 1001 -6.56E-001 769.0 100.0 750.9 非数字 1.00 0.00 0.00
191 2017_06_16 16:33:11 557 255 0 -0.010 0.0 0.8112,0.0100 1001 -6.56E-001 769.0 100.0 750.9 非数字 1.00 0.00 0.00
192 2017_06_16 16:33:11 562 255 0 -0.010 0.0 0.8112,0.0100 1001 -6.56E-001 769.0 100.0 750.9 非数字 1.00 0.00 0.00
193 2017_06_16 16:33:11 567 255 0 -0.010 0.0 0.8112,0.0100 1001 -6.56E-001 769.0 100.0 750.9 非数字 1.00 0.00 0.00
194 2017_06_16 16:33:11 573 255 0 -0.010 0.0 0.8112,0.0100 1001 -6.56E-001 769.0 100.0 750.9 非数字 1.00 0.00 0.00
195 2017_06_16 16:33:11 578 255 0 -0.010 0.0 0.8112,0.0100 1001 -6.56E-001 769.0 100.0 750.9 非数字 1.00 0.00 0.00
196 2017_06_16 16:33:11 583 255 0 -0.010 0.0 0.8112,0.0100 1001 -6.56E-001 769.0 100.0 750.9 非数字 1.00 0.00 0.00
197 2017_06_16 16:33:11 588 255 0 -0.010 0.0 0.8112,0.0100 1001 -6.56E-001 769.0 100.0 750.9 非数字 1.00 0.00 0.00
198 2017_06_16 16:33:11 593 255 0 -0.010 0.0 0.8112,0.0100 1001 -6.56E-001 769.0 100.0 750.9 非数字 1.00 0.00 0.00
199 2017_06_16 16:33:11 598 255 0 -0.010 0.0 0.8112,0.0100 1001 -6.56E-001 769.0 100.0 750.9 非数字 1.00 0.00 0.00
200 2017_06_16 16:33:11 603 255 0 -0.010 0.0 0.8112,0.0100 1001 -6.56E-001 769.0 100.0 750.9 非数字 1.00 0.00 0.00
201 2017_06_16 16:33:11 609 255 0 -0.010 0.0 0.8112,0.0100 1001 -6.56E-001 769.0 100.0 750.9 非数字 1.00 0.00 0.00
202 2017_06_16 16:33:11 614 255 0 -0.010 0.0 0.8112,0.0100 1001 -6.56E-001 769.0 100.0 750.9 非数字 1.00 0.00 0.00
203 2017_06_16 16:33:11 619 255 0 -0.010 0.0 0.8112,0.0100 1001 -6.56E-001 769.0 100.0 750.9 非数字 1.00 0.00 0.00
204 2017_06_16 16:33:11 624 255 0 -0.010 0.0 0.8112,0.0100 1001 -6.56E-001 769.0 100.0 750.9 非数字 1.00 0.00 0.00
205 2017_06_16 16:33:11 629 255 0 -0.010 0.0 0.8112,0.0100 1001 -6.56E-001 769.0 100.0 750.9 非数字 1.00 0.00 0.00
206 2017_06_16 16:33:11 634 255 0 -0.010 0.0 0.8112,0.0100 1001 -6.56E-001 769.0 100.0 750.9 非数字 1.00 0.00 0.00
207 2017_06_16 16:33:11 639 255 0 -0.010 0.0 0.8112,0.0100 1001 -6.56E-001 769.0 100.0 750.9 非数字 1.00 0.00 0.00
208 2017_06_16 16:33:11 644 255 0 -0.010 0.0 0.8112,0.0100 1001 -6.56E-001 769.0 100.0 750.9 非数字 1.00 0.00 0.00
209 2017_06_16 16:33:11 649 255 0 -0.010 0.0 0.8112,0.0100 1001 -6.56E-001 769.0 100.0 750.9 非数字 1.00 0.00 0.00
210 2017_06_16 16:33:11 654 255 0 -0.010 0.0 0.8112,0.0100 1001 -6.56E-001 769.0 100.0 750.9 非数字 1.00 0.00 0.00
211 2017_06_16 16:33:11 659 255 0 -0.010 0.0 0.8112,0.0100 1001 -6.56E-001 769.0 100.0 750.9 非数字 1.00 0.00 0.00
212 2017_06_16 16:33:11 664 255 0 -0.010 0.0 0.8112,0.0100 1001 -6.56E-001 769.0 100.0 750.9 非数字 1.00 0.00 0.00
213 2017_06_16 16:33:11 669 255 0 -0.010 0.0 0.8112,0.0100 1001 -6.56E-001 769.0 100.0 750.9 非数字 1.00 0.00 0.00
214 2017_06_16 16:33:11 674 255 0 -0.010 0.0 0.8112,0.0100 1001 -6.56E-001 769.0 100.0 750.9 非数字 1.00 0.00 0.00
215 2017_06_16 16:33:11 679 255 0 -0.010 0.0 0.8112,0.0100 1001 -6.56E-001 769.0 100.0 750.9 非数字 1.00 0.00 0.00
216 2017_06_16 16:33:11 684 255 0 -0.010 0.0 0.8112,0.0100 1001 -6.56E-001 769.0 100.0 750.9 非数字 1.00 0.00 0.00
217 2017_06_16 16:33:11 690 255 0 -0.010 0.0 0.8112,0.0100 1001 -6.56E-001 769.0 100.0 750.9 非数字 1.00 0.00 0.00
218 2017_06_16 16:33:11 695 255 0 -0.010 0.0 0.8112,0.0100 1001 -6.56E-001 769.0 100.0 750.9 非数字 1.00 0.00 0.00
219 2017_06_16 16:33:11 700 255 0 -0.010 0.0 0.8112,0.0100 1001 -6.56E-001 769.0 100.0 750.9 非数字 1.00 0.00 0.00
220 2017_06_16 16:33:11 705 255 0 -0.010 0.0 0.8112,0.0100 1001 -6.56E-001 769.0 100.0 750.9 非数字 1.00 0.00 0.00
221 2017_06_16 16:33:11 710 255 0 -0.010 0.0 0.8112,0.0100 1001 -6.56E-001 769.0 100.0 750.9 非数字 1.00 0.00 0.00
222 2017_06_16 16:33:11 715 255 0 -0.010 0.0 0.8112,0.0100 1001 -6.56E-001 769.0 100.0 750.9 非数字 1.00 0.00 0.00
223 2017_06_16 16:33:11 720 255 0 -0.010 0.0 0.8112,0.0100 1001 -6.56E-001 769.0 100.0 750.9 非数字 1.00 0.00 0.00
224 2017_06_16 16:33:11 725 255 0 -0.010 0.0 0.8112,0.0100 1001 -6.56E-001 769.0 100.0 750.9 非数字 1.00 0.00 0.00
225 2017_06_16 16:33:11 730 255 0 -0.010 0.0 0.8112,0.0100 1001 -6.56E-001 769.0 100.0 750.9 非数字 1.00 0.00 0.00
226 2017_06_16 16:33:11 735 255 0 -0.010 0.0 0.8112,0.0100 1001 -6.56E-001 769.0 100.0 750.9 非数字 1.00 0.00 0.00
227 2017_06_16 16:33:11 740 255 0 -0.010 0.0 0.8112,0.0100 1001 -6.56E-001 769.0 100.0 750.9 非数字 1.00 0.00 0.00
228 2017_06_16 16:33:11 745 255 0 -0.010 0.0 0.8112,0.0100 1001 -6.56E-001 769.0 100.0 750.9 非数字 1.00 0.00 0.00
229 2017_06_16 16:33:11 750 255 0 -0.010 0.0 0.8112,0.0100 1001 -6.56E-001 769.0 100.0 750.9 非数字 1.00 0.00 0.00
230 2017_06_16 16:33:11 755 255 0 -0.010 0.0 0.8112,0.0100 1001 -6.56E-001 769.0 100.0 750.9 非数字 1.00 0.00 0.00
231 2017_06_16 16:33:11 760 255 0 -0.010 0.0 0.8112,0.0100 1001 -6.56E-001 769.0 100.0 750.9 非数字 1.00 0.00 0.00
232 2017_06_16 16:33:11 765 255 0 -0.010 0.0 0.8112,0.0100 1001 -6.56E-001 769.0 100.0 750.9 非数字 1.00 0.00 0.00
233 2017_06_16 16:33:11 770 255 0 -0.010 0.0 0.8112,0.0100 1001 -6.56E-001 769.0 100.0 750.9 非数字 1.00 0.00 0.00
234 2017_06_16 16:33:11 776 255 0 -0.010 0.0 0.8112,0.0100 1001 -6.56E-001 769.0 100.0 750.9 非数字 1.00 0.00 0.00
235 2017_06_16 16:33:11 781 255 0 -0.010 0.0 0.8112,0.0100 1001 -6.56E-001 769.0 100.0 750.9 非数字 1.00 0.00 0.00
236 2017_06_16 16:33:11 787 255 0 -0.010 0.0 0.8112,0.0100 1001 -6.56E-001 769.0 100.0 750.9 非数字 1.00 0.00 0.00
237 2017_06_16 16:33:11 792 255 0 -0.010 0.0 0.8112,0.0100 1001 -6.56E-001 769.0 100.0 750.9 非数字 1.00 0.00 0.00
238 2017_06_16 16:33:11 797 255 0 -0.010 0.0 0.8112,0.0100 1001 -6.56E-001 769.0 100.0 750.9 非数字 1.00 0.00 0.00
239 2017_06_16 16:33:11 802 255 0 -0.010 0.0 0.8112,0.0100 1001 -6.56E-001 769.0 100.0 750.9 非数字 1.00 0.00 0.00
240 2017_06_16 16:33:11 807 255 0 -0.010 0.0 0.8112,0.0100 1001 -6.56E-001 769.0 100.0 750.9 非数字 1.00 0.00 0.00
241 2017_06_16 16:33:11 812 255 0 -0.010 0.0 0.8112,0.0100 1001 -6.56E-001 769.0 100.0 750.9 非数字 1.00 0.00 0.00
242 2017_06_16 16:33:11 817 255 0 -0.010 0.0 0.8112,0.0100 1001 -6.56E-001 769.0 100.0 750.9 非数字 1.00 0.00 0.00
243 2017_06_16 16:33:11 822 255 0 -0.010 0.0 0.8112,0.0100 1001 -6.56E-001 769.0 100.0 750.9 非数字 1.00 0.00 0.00
244 2017_06_16 16:33:11 828 255 0 -0.010 0.0 0.8112,0.0100 1001 -6.56E-001 769.0 100.0 750.9 非数字 1.00 0.00 0.00
245 2017_06_16 16:33:11 833 255 0 -0.010 0.0 0.8112,0.0100 1001 -6.56E-001 769.0 100.0 750.9 非数字 1.00 0.00 0.00
246 2017_06_16 16:33:11 839 255 0 -0.010 0.0 0.8112,0.0100 1001 -6.56E-001 769.0 100.0 750.9 非数字 1.00 0.00 0.00
247 2017_06_16 16:33:11 844 255 0 -0.010 0.0 0.8112,0.0100 1001 -6.56E-001 769.0 100.0 750.9 非数字 1.00 0.00 0.00
248 2017_06_16 16:33:11 849 255 0 -0.010 0.0 0.8112,0.0100 1001 -6.56E-001 769.0 100.0 750.9 非数字 1.00 0.00 0.00
249 2017_06_16 16:33:11 854 255 0 -0.010 0.0 0.8112,0.0100 1001 -6.56E-001 769.0 100.0 750.9 非数字 1.00 0.00 0.00
250 2017_06_16 16:33:11 859 255 0 -0.010 0.0 0.8112,0.0100 1001 -6.56E-001 769.0 100.0 750.9 非数字 1.00 0.00 0.00
251 2017_06_16 16:33:11 864 255 0 -0.010 0.0 0.8112,0.0100 1001 -6.56E-001 769.0 100.0 750.9 非数字 1.00 0.00 0.00
252 2017_06_16 16:33:11 870 255 0 -0.010 0.0 0.8112,0.0100 1001 -6.56E-001 769.0 100.0 750.9 非数字 1.00 0.00 0.00
253 2017_06_16 16:33:11 875 255 0 -0.010 0.0 0.8112,0.0100 1001 -6.56E-001 769.0 100.0 750.9 非数字 1.00 0.00 0.00
254 2017_06_16 16:33:11 880 255 0 -0.010 0.0 0.8112,0.0100 1001 -6.56E-001 769.0 100.0 750.9 非数字 1.00 0.00 0.00
255 2017_06_16 16:33:11 885 255 0 -0.010 0.0 0.8112,0.0100 1001 -6.56E-001 769.0 100.0 750.9 非数字 1.00 0.00 0.00
256 2017_06_16 16:33:11 890 255 0 -0.010 0.0 0.8112,0.0100 1001 -6.56E-001 769.0 100.0 750.9 非数字 1.00 0.00 0.00
257 2017_06_16 16:33:11 895 255 0 -0.010 0.0 0.8112,0.0100 1001 -6.56E-001 769.0 100.0 750.9 非数字 1.00 0.00 0.00
258 2017_06_16 16:33:11 900 255 0 -0.010 0.0 0.8112,0.0100 1001 -6.56E-001 769.0 100.0 750.9 非数字 1.00 0.00 0.00
259 2017_06_16 16:33:11 905 255 0 -0.010 0.0 0.8112,0.0100 1001 -6.56E-001 769.0 100.0 750.9 非数字 1.00 0.00 0.00
260 2017_06_16 16:33:11 910 255 0 -0.010 0.0 0.8112,0.0100 1001 -6.56E-001 769.0 100.0 750.9 非数字 1.00 0.00 0.00
261 2017_06_16 16:33:11 915 255 0 -0.010 0.0 0.8112,0.0100 1001 -6.56E-001 769.0 100.0 750.9 非数字 1.00 0.00 0.00
262 2017_06_16 16:33:11 920 255 0 -0.010 0.0 0.8112,0.0100 1001 -6.56E-001 769.0 100.0 750.9 非数字 1.00 0.00 0.00
263 2017_06_16 16:33:11 926 255 0 -0.010 0.0 0.8112,0.0100 1001 -6.56E-001 769.0 100.0 750.9 非数字 1.00 0.00 0.00
264 2017_06_16 16:33:11 930 255 0 -0.010 0.0 0.8112,0.0100 1001 -6.56E-001 769.0 100.0 750.9 非数字 1.00 0.00 0.00
265 2017_06_16 16:33:11 936 255 0 -0.010 0.0 0.8112,0.0100 1001 -6.56E-001 769.0 100.0 750.9 非数字 1.00 0.00 0.00
266 2017_06_16 16:33:11 943 255 0 -0.010 0.0 0.8112,0.0100 1001 -6.56E-001 769.0 100.0 750.9 非数字 1.00 0.00 0.00
267 2017_06_16 16:33:11 948 255 0 -0.010 0.0 0.8112,0.0100 1001 -6.56E-001 769.0 100.0 750.9 非数字 1.00 0.00 0.00
268 2017_06_16 16:33:11 953 255 0 -0.010 0.0 0.8112,0.0100 1001 -6.56E-001 769.0 100.0 750.9 非数字 1.00 0.00 0.00
269 2017_06_16 16:33:11 958 255 0 -0.010 0.0 0.8112,0.0100 1001 -6.56E-001 769.0 100.0 750.9 非数字 1.00 0.00 0.00
270 2017_06_16 16:33:11 963 255 0 -0.010 0.0 0.8112,0.0100 1001 -6.56E-001 769.0 100.0 750.9 非数字 1.00 0.00 0.00
271 2017_06_16 16:33:11 968 255 0 -0.010 0.0 0.8112,0.0100 1001 -6.56E-001 769.0 100.0 750.9 非数字 1.00 0.00 0.00
272 2017_06_16 16:33:11 973 255 0 -0.010 0.0 0.8112,0.0100 1001 -6.56E-001 769.0 100.0 750.9 非数字 1.00 0.00 0.00
273 2017_06_16 16:33:11 978 255 0 -0.010 0.0 0.8112,0.0100 1001 -6.56E-001 769.0 100.0 750.9 非数字 1.00 0.00 0.00
274 2017_06_16 16:33:11 983 255 0 -0.010 0.0 0.8112,0.0100 1001 -6.56E-001 769.0 100.0 750.9 非数字 1.00 0.00 0.00
275 2017_06_16 16:33:11 988 255 0 -0.010 0.0 0.8112,0.0100 1001 -6.56E-001 769.0 100.0 750.9 非数字 1.00 0.00 0.00
276 2017_06_16 16:33:11 993 255 0 -0.010 0.0 0.8112,0.0100 1001 -6.56E-001 769.0 100.0 750.9 非数字 1.00 0.00 0.00
277 2017_06_16 16:33:11 998 255 0 -0.010 0.0 0.8112,0.0100 1001 -6.56E-001 769.0 100.0 750.9 非数字 1.00 0.00 0.00
278 2017_06_16 16:33:12 003 255 0 -0.010 0.0 0.8112,0.0100 1001 -6.56E-001 769.0 100.0 750.9 非数字 1.00 0.00 0.00
279 2017_06_16 16:33:12 008 255 0 -0.010 0.0 0.8112,0.0100 1001 -6.56E-001 769.0 100.0 750.9 非数字 1.00 0.00 0.00
280 2017_06_16 16:33:12 013 255 0 -0.010 0.0 0.8112,0.0100 1001 -6.56E-001 769.0 100.0 750.9 非数字 1.00 0.00 0.00
281 2017_06_16 16:33:12 018 255 0 -0.010 0.0 0.8112,0.0100 1001 -6.56E-001 769.0 100.0 750.9 非数字 1.00 0.00 0.00
282 2017_06_16 16:33:12 023 255 0 -0.010 0.0 0.8112,0.0100 1001 -6.56E-001 769.0 100.0 750.9 非数字 1.00 0.00 0.00
283 2017_06_16 16:33:12 028 255 0 -0.010 0.0 0.8112,0.0100 1001 -6.56E-001 769.0 100.0 750.9 非数字 1.00 0.00 0.00
284 2017_06_16 16:33:12 034 255 0 -0.010 0.0 0.8112,0.0100 1001 -6.56E-001 769.0 100.0 750.9 非数字 1.00 0.00 0.00
285 2017_06_16 16:33:12 039 255 0 -0.010 0.0 0.8112,0.0100 1001 -6.56E-001 769.0 100.0 750.9 非数字 1.00 0.00 0.00
286 2017_06_16 16:33:12 044 255 0 -0.010 0.0 0.8112,0.0100 1001 -6.56E-001 769.0 100.0 750.9 非数字 1.00 0.00 0.00
287 2017_06_16 16:33:12 049 255 0 -0.010 0.0 0.8112,0.0100 1001 -6.56E-001 769.0 100.0 750.9 非数字 1.00 0.00 0.00
288 2017_06_16 16:33:12 054 255 0 -0.010 0.0 0.8112,0.0100 1001 -6.56E-001 769.0 100.0 750.9 非数字 1.00 0.00 0.00
289 2017_06_16 16:33:12 060 255 0 -0.010 0.0 0.8112,0.0100 1001 -6.56E-001 769.0 100.0 750.9 非数字 1.00 0.00 0.00
290 2017_06_16 16:33:12 066 255 0 -0.010 0.0 0.8112,0.0100 1001 -6.56E-001 769.0 100.0 750.9 非数字 1.00 0.00 0.00
291 2017_06_16 16:33:12 071 255 0 -0.010 0.0 0.8112,0.0100 1001 -6.56E-001 769.0 100.0 750.9 非数字 1.00 0.00 0.00
292 2017_06_16 16:33:12 076 255 0 -0.010 0.0 0.8112,0.0100 1001 -6.56E-001 769.0 100.0 750.9 非数字 1.00 0.00 0.00
293 2017_06_16 16:33:12 082 255 0 -0.010 0.0 0.8112,0.0100 1001 -6.56E-001 769.0 100.0 750.9 非数字 1.00 0.00 0.00
294 2017_06_16 16:33:12 088 255 0 -0.010 0.0 0.8112,0.0100 1001 -6.56E-001 769.0 100.0 750.9 非数字 1.00 0.00 0.00
295 2017_06_16 16:33:12 093 255 0 -0.010 0.0 0.8112,0.0100 1001 -6.56E-001 769.0 100.0 750.9 非数字 1.00 0.00 0.00
296 2017_06_16 16:33:12 099 255 0 -0.010 0.0 0.8112,0.0100 1001 -6.56E-001 769.0 100.0 750.9 非数字 1.00 0.00 0.00
297 2017_06_16 16:33:12 104 255 0 -0.010 0.0 0.8112,0.0100 1001 -6.56E-001 769.0 100.0 750.9 非数字 1.00 0.00 0.00
298 2017_06_16 16:33:12 109 255 0 -0.010 0.0 0.8112,0.0100 1001 -6.56E-001 769.0 100.0 750.9 非数字 1.00 0.00 0.00
299 2017_06_16 16:33:12 114 255 0 -0.010 0.0 0.8112,0.0100 1001 -6.56E-001 769.0 100.0 750.9 非数字 1.00 0.00 0.00
300 2017_06_16 16:33:12 119 255 0 -0.010 0.0 0.8112,0.0100 1001 -6.56E-001 769.0 100.0 750.9 非数字 1.00 0.00 0.00
301 2017_06_16 16:33:12 124 255 0 -0.010 0.0 0.8112,0.0100 1001 -6.56E-001 769.0 100.0 750.9 非数字 1.00 0.00 0.00
302 2017_06_16 16:33:12 129 255 0 -0.010 0.0 0.8112,0.0100 1001 -6.56E-001 769.0 100.0 750.9 非数字 1.00 0.00 0.00
303 2017_06_16 16:33:12 134 255 0 -0.010 0.0 0.8112,0.0100 1001 -6.56E-001 769.0 100.0 750.9 非数字 1.00 0.00 0.00
304 2017_06_16 16:33:12 139 255 0 -0.010 0.0 0.8112,0.0100 1001 -6.56E-001 769.0 100.0 750.9 非数字 1.00 0.00 0.00
305 2017_06_16 16:33:12 145 255 0 -0.010 0.0 0.8112,0.0100 1001 -6.56E-001 769.0 100.0 750.9 非数字 1.00 0.00 0.00
306 2017_06_16 16:33:12 150 255 0 -0.010 0.0 0.8112,0.0100 1001 -6.56E-001 769.0 100.0 750.9 非数字 1.00 0.00 0.00
307 2017_06_16 16:33:12 155 255 0 -0.010 0.0 0.8112,0.0100 1001 -6.56E-001 769.0 100.0 750.9 非数字 1.00 0.00 0.00
308 2017_06_16 16:33:12 161 255 0 -0.010 0.0 0.8112,0.0100 1001 -6.56E-001 769.0 100.0 750.9 非数字 1.00 0.00 0.00
309 2017_06_16 16:33:12 166 255 0 -0.010 0.0 0.8112,0.0100 1001 -6.56E-001 769.0 100.0 750.9 非数字 1.00 0.00 0.00
310 2017_06_16 16:33:12 172 255 0 -0.010 0.0 0.8112,0.0100 1001 -6.56E-001 769.0 100.0 750.9 非数字 1.00 0.00 0.00
311 2017_06_16 16:33:12 177 255 0 -0.010 0.0 0.8112,0.0100 1001 -6.56E-001 769.0 100.0 750.9 非数字 1.00 0.00 0.00
312 2017_06_16 16:33:12 182 255 0 -0.010 0.0 0.8112,0.0100 1001 -6.56E-001 769.0 100.0 750.9 非数字 1.00 0.00 0.00
313 2017_06_16 16:33:12 187 255 0 -0.010 0.0 0.8112,0.0100 1001 -6.56E-001 769.0 100.0 750.9 非数字 1.00 0.00 0.00
314 2017_06_16 16:33:12 192 255 0 -0.010 0.0 0.8112,0.0100 1001 -6.56E-001 769.0 100.0 750.9 非数字 1.00 0.00 0.00
315 2017_06_16 16:33:12 197 255 0 -0.010 0.0 0.8112,0.0100 1001 -6.56E-001 769.0 100.0 750.9 非数字 1.00 0.00 0.00
316 2017_06_16 16:33:12 202 255 0 -0.010 0.0 0.8112,0.0100 1001 -6.56E-001 769.0 100.0 750.9 非数字 1.00 0.00 0.00
317 2017_06_16 16:33:12 207 255 0 -0.010 0.0 0.8112,0.0100 1001 -6.56E-001 769.0 100.0 750.9 非数字 1.00 0.00 0.00
318 2017_06_16 16:33:12 212 255 0 -0.010 0.0 0.8112,0.0100 1001 -6.56E-001 769.0 100.0 750.9 非数字 1.00 0.00 0.00
319 2017_06_16 16:33:12 217 255 0 -0.010 0.0 0.8112,0.0100 1001 -6.56E-001 769.0 100.0 750.9 非数字 1.00 0.00 0.00
320 2017_06_16 16:33:12 222 255 0 -0.010 0.0 0.8112,0.0100 1001 -6.56E-001 769.0 100.0 750.9 非数字 1.00 0.00 0.00
321 2017_06_16 16:33:12 227 255 0 -0.010 0.0 0.8112,0.0100 1001 -6.56E-001 769.0 100.0 750.9 非数字 1.00 0.00 0.00
322 2017_06_16 16:33:12 232 255 0 -0.010 0.0 0.8112,0.0100 1001 -6.56E-001 769.0 100.0 750.9 非数字 1.00 0.00 0.00
323 2017_06_16 16:33:12 237 255 0 -0.010 0.0 0.8112,0.0100 1001 -6.56E-001 769.0 100.0 750.9 非数字 1.00 0.00 0.00
324 2017_06_16 16:33:12 242 255 0 -0.010 0.0 0.8112,0.0100 1001 -6.56E-001 769.0 100.0 750.9 非数字 1.00 0.00 0.00
325 2017_06_16 16:33:12 247 255 0 -0.010 0.0 0.8112,0.0100 1001 -6.56E-001 769.0 100.0 750.9 非数字 1.00 0.00 0.00
326 2017_06_16 16:33:12 252 255 0 -0.010 0.0 0.8112,0.0100 1001 -6.56E-001 769.0 100.0 750.9 非数字 1.00 0.00 0.00
327 2017_06_16 16:33:12 257 255 0 -0.010 0.0 0.8112,0.0100 1001 -6.56E-001 769.0 100.0 750.9 非数字 1.00 0.00 0.00
328 2017_06_16 16:33:12 262 255 0 -0.010 0.0 0.8112,0.0100 1001 -6.56E-001 769.0 100.0 750.9 非数字 1.00 0.00 0.00
329 2017_06_16 16:33:12 267 255 0 -0.010 0.0 0.8112,0.0100 1001 -6.56E-001 769.0 100.0 750.9 非数字 1.00 0.00 0.00
330 2017_06_16 16:33:12 272 255 0 -0.010 0.0 0.8112,0.0100 1001 -6.56E-001 769.0 100.0 750.9 非数字 1.00 0.00 0.00
331 2017_06_16 16:33:12 277 255 0 -0.010 0.0 0.8112,0.0100 1001 -6.56E-001 769.0 100.0 750.9 非数字 1.00 0.00 0.00
332 2017_06_16 16:33:12 282 255 0 -0.010 0.0 0.8112,0.0100 1001 -6.56E-001 769.0 100.0 750.9 非数字 1.00 0.00 0.00
333 2017_06_16 16:33:12 287 255 0 -0.010 0.0 0.8112,0.0100 1001 -6.56E-001 769.0 100.0 750.9 非数字 1.00 0.00 0.00
334 2017_06_16 16:33:12 292 255 0 -0.010 0.0 0.8112,0.0100 1001 -6.56E-001 769.0 100.0 750.9 非数字 1.00 0.00 0.00
335 2017_06_16 16:33:12 297 255 0 -0.010 0.0 0.8112,0.0100 1001 -6.56E-001 769.0 100.0 750.9 非数字 1.00 0.00 0.00
336 2017_06_16 16:33:12 303 255 0 -0.010 0.0 0.8112,0.0100 1001 -6.56E-001 769.0 100.0 750.9 非数字 1.00 0.00 0.00
337 2017_06_16 16:33:12 308 255 0 -0.010 0.0 0.8112,0.0100 1001 -6.56E-001 769.0 100.0 750.9 非数字 1.00 0.00 0.00
338 2017_06_16 16:33:12 313 255 0 -0.010 0.0 0.8112,0.0100 1001 -6.56E-001 769.0 100.0 750.9 非数字 1.00 0.00 0.00
339 2017_06_16 16:33:12 318 255 0 -0.010 0.0 0.8112,0.0100 1001 -6.56E-001 769.0 100.0 750.9 非数字 1.00 0.00 0.00
340 2017_06_16 16:33:12 323 255 0 -0.010 0.0 0.8112,0.0100 1001 -6.56E-001 769.0 100.0 750.9 非数字 1.00 0.00 0.00
341 2017_06_16 16:33:12 328 255 0 -0.010 0.0 0.8112,0.0100 1001 -6.56E-001 769.0 100.0 750.9 非数字 1.00 0.00 0.00
342 2017_06_16 16:33:12 333 255 0 -0.010 0.0 0.8112,0.0100 1001 -6.56E-001 769.0 100.0 750.9 非数字 1.00 0.00 0.00
343 2017_06_16 16:33:12 338 255 0 -0.010 0.0 0.8112,0.0100 1001 -6.56E-001 769.0 100.0 750.9 非数字 1.00 0.00 0.00
344 2017_06_16 16:33:12 343 255 0 -0.010 0.0 0.8112,0.0100 1001 -6.56E-001 769.0 100.0 750.9 非数字 1.00 0.00 0.00
345 2017_06_16 16:33:12 348 255 0 -0.010 0.0 0.8112,0.0100 1001 -6.56E-001 769.0 100.0 750.9 非数字 1.00 0.00 0.00
346 2017_06_16 16:33:12 353 255 0 -0.010 0.0 0.8112,0.0100 1001 -6.56E-001 769.0 100.0 750.9 非数字 1.00 0.00 0.00
347 2017_06_16 16:33:12 358 255 0 -0.010 0.0 0.8112,0.0100 1001 -6.56E-001 769.0 100.0 750.9 非数字 1.00 0.00 0.00
348 2017_06_16 16:33:12 363 255 0 -0.010 0.0 0.8112,0.0100 1001 -6.56E-001 769.0 100.0 750.9 非数字 1.00 0.00 0.00
349 2017_06_16 16:33:12 368 255 0 -0.010 0.0 0.8112,0.0100 1001 -6.56E-001 769.0 100.0 750.9 非数字 1.00 0.00 0.00
350 2017_06_16 16:33:12 373 255 0 -0.010 0.0 0.8112,0.0100 1001 -6.56E-001 769.0 100.0 750.9 非数字 1.00 0.00 0.00
351 2017_06_16 16:33:12 378 255 0 -0.010 0.0 0.8112,0.0100 1001 -6.56E-001 769.0 100.0 750.9 非数字 1.00 0.00 0.00
352 2017_06_16 16:33:12 383 255 0 -0.010 0.0 0.8112,0.0100 1001 -6.56E-001 769.0 100.0 750.9 非数字 1.00 0.00 0.00
353 2017_06_16 16:33:12 388 255 0 -0.010 0.0 0.8112,0.0100 1001 -6.56E-001 769.0 100.0 750.9 非数字 1.00 0.00 0.00
354 2017_06_16 16:33:12 393 255 0 -0.010 0.0 0.8112,0.0100 1001 -6.56E-001 769.0 100.0 750.9 非数字 1.00 0.00 0.00
355 2017_06_16 16:33:12 398 255 0 -0.010 0.0 0.8112,0.0100 1001 -6.56E-001 769.0 100.0 750.9 非数字 1.00 0.00 0.00
356 2017_06_16 16:33:12 403 255 0 -0.010 0.0 0.8112,0.0100 1001 -6.56E-001 769.0 100.0 750.9 非数字 1.00 0.00 0.00
357 2017_06_16 16:33:12 408 255 0 -0.010 0.0 0.8112,0.0100 1001 -6.56E-001 769.0 100.0 750.9 非数字 1.00 0.00 0.00
358 2017_06_16 16:33:12 413 255 0 -0.010 0.0 0.8112,0.0100 1001 -6.56E-001 769.0 100.0 750.9 非数字 1.00 0.00 0.00
359 2017_06_16 16:33:12 418 255 0 -0.010 0.0 0.8112,0.0100 1001 -6.56E-001 769.0 100.0 750.9 非数字 1.00 0.00 0.00
360 2017_06_16 16:33:12 423 255 0 -0.010 0.0 0.8112,0.0100 1001 -6.56E-001 769.0 100.0 750.9 非数字 1.00 0.00 0.00
361 2017_06_16 16:33:12 428 255 0 -0.010 0.0 0.8112,0.0100 1001 -6.56E-001 769.0 100.0 750.9 非数字 1.00 0.00 0.00
362 2017_06_16 16:33:12 433 255 0 -0.010 0.0 0.8112,0.0100 1001 -6.56E-001 769.0 100.0 750.9 非数字 1.00 0.00 0.00
363 2017_06_16 16:33:12 438 255 0 -0.010 0.0 0.8112,0.0100 1001 -6.56E-001 769.0 100.0 750.9 非数字 1.00 0.00 0.00
364 2017_06_16 16:33:12 443 255 0 -0.010 0.0 0.8112,0.0100 1001 -6.56E-001 769.0 100.0 750.9 非数字 1.00 0.00 0.00
365 2017_06_16 16:33:12 448 255 0 -0.010 0.0 0.8112,0.0100 1001 -6.56E-001 769.0 100.0 750.9 非数字 1.00 0.00 0.00
366 2017_06_16 16:33:12 453 255 0 -0.010 0.0 0.8112,0.0100 1001 -6.56E-001 769.0 100.0 750.9 非数字 1.00 0.00 0.00
367 2017_06_16 16:33:12 458 255 0 -0.010 0.0 0.8112,0.0100 1001 -6.56E-001 769.0 100.0 750.9 非数字 1.00 0.00 0.00
368 2017_06_16 16:33:12 463 255 0 -0.010 0.0 0.8112,0.0100 1001 -6.56E-001 769.0 100.0 750.9 非数字 1.00 0.00 0.00
369 2017_06_16 16:33:12 468 255 0 -0.010 0.0 0.8112,0.0100 1001 -6.56E-001 769.0 100.0 750.9 非数字 1.00 0.00 0.00
370 2017_06_16 16:33:12 473 255 0 -0.010 0.0 0.8112,0.0100 1001 -6.56E-001 769.0 100.0 750.9 非数字 1.00 0.00 0.00
371 2017_06_16 16:33:12 478 255 0 -0.010 0.0 0.8112,0.0100 1001 -6.56E-001 769.0 100.0 750.9 非数字 1.00 0.00 0.00
372 2017_06_16 16:33:12 483 255 0 -0.010 0.0 0.8112,0.0100 1001 -6.56E-001 769.0 100.0 750.9 非数字 1.00 0.00 0.00
373 2017_06_16 16:33:12 488 255 0 -0.010 0.0 0.8112,0.0100 1001 -6.56E-001 769.0 100.0 750.9 非数字 1.00 0.00 0.00
374 2017_06_16 16:33:12 493 255 0 -0.010 0.0 0.8112,0.0100 1001 -6.56E-001 769.0 100.0 750.9 非数字 1.00 0.00 0.00
375 2017_06_16 16:33:12 498 255 0 -0.010 0.0 0.8112,0.0100 1001 -6.56E-001 769.0 100.0 750.9 非数字 1.00 0.00 0.00
376 2017_06_16 16:33:12 503 255 0 -0.010 0.0 0.8112,0.0100 1001 -6.56E-001 769.0 100.0 750.9 非数字 1.00 0.00 0.00
377 2017_06_16 16:33:12 508 255 0 -0.010 0.0 0.8112,0.0100 1001 -6.56E-001 769.0 100.0 750.9 非数字 1.00 0.00 0.00
378 2017_06_16 16:33:12 513 255 0 -0.010 0.0 0.8112,0.0100 1001 -6.56E-001 769.0 100.0 750.9 非数字 1.00 0.00 0.00
379 2017_06_16 16:33:12 518 255 0 -0.010 0.0 0.8112,0.0100 1001 -6.56E-001 769.0 100.0 750.9 非数字 1.00 0.00 0.00
380 2017_06_16 16:33:12 523 255 0 -0.010 0.0 0.8112,0.0100 1001 -6.56E-001 769.0 100.0 750.9 非数字 1.00 0.00 0.00
381 2017_06_16 16:33:12 529 255 0 -0.010 0.0 0.8112,0.0100 1001 -6.56E-001 769.0 100.0 750.9 非数字 1.00 0.00 0.00
382 2017_06_16 16:33:12 535 255 0 -0.010 0.0 0.8112,0.0100 1001 -6.56E-001 769.0 100.0 750.9 非数字 1.00 0.00 0.00
383 2017_06_16 16:33:12 540 255 0 -0.010 0.0 0.8112,0.0100 1001 -6.56E-001 769.0 100.0 750.9 非数字 1.00 0.00 0.00
384 2017_06_16 16:33:12 545 255 0 -0.010 0.0 0.8112,0.0100 1001 -6.56E-001 769.0 100.0 750.9 非数字 1.00 0.00 0.00
385 2017_06_16 16:33:12 550 255 0 -0.010 0.0 0.8112,0.0100 1001 -6.56E-001 769.0 100.0 750.9 非数字 1.00 0.00 0.00
386 2017_06_16 16:33:12 555 255 0 -0.010 0.0 0.8112,0.0100 1001 -6.56E-001 769.0 100.0 750.9 非数字 1.00 0.00 0.00
387 2017_06_16 16:33:12 560 255 0 -0.010 0.0 0.8112,0.0100 1001 -6.56E-001 769.0 100.0 750.9 非数字 1.00 0.00 0.00
388 2017_06_16 16:33:12 565 255 0 -0.010 0.0 0.8112,0.0100 1001 -6.56E-001 769.0 100.0 750.9 非数字 1.00 0.00 0.00
389 2017_06_16 16:33:12 570 255 0 -0.010 0.0 0.8112,0.0100 1001 -6.56E-001 769.0 100.0 750.9 非数字 1.00 0.00 0.00
390 2017_06_16 16:33:12 577 255 0 -0.010 0.0 0.8112,0.0100 1001 -6.56E-001 769.0 100.0 750.9 非数字 1.00 0.00 0.00
391 2017_06_16 16:33:12 582 255 0 -0.010 0.0 0.8112,0.0100 1001 -6.56E-001 769.0 100.0 750.9 非数字 1.00 0.00 0.00
392 2017_06_16 16:33:12 587 255 0 -0.010 0.0 0.8112,0.0100 1001 -6.56E-001 769.0 100.0 750.9 非数字 1.00 0.00 0.00
393 2017_06_16 16:33:12 592 255 0 -0.010 0.0 0.8112,0.0100 1001 -6.56E-001 769.0 100.0 750.9 非数字 1.00 0.00 0.00
394 2017_06_16 16:33:12 597 255 0 -0.010 0.0 0.8112,0.0100 1001 -6.56E-001 769.0 100.0 750.9 非数字 1.00 0.00 0.00
395 2017_06_16 16:33:12 602 255 0 -0.010 0.0 0.8112,0.0100 1001 -6.56E-001 769.0 100.0 750.9 非数字 1.00 0.00 0.00
396 2017_06_16 16:33:12 607 255 0 -0.010 0.0 0.8112,0.0100 1001 -6.56E-001 769.0 100.0 750.9 非数字 1.00 0.00 0.00
397 2017_06_16 16:33:12 612 255 0 -0.010 0.0 0.8112,0.0100 1001 -6.56E-001 769.0 100.0 750.9 非数字 1.00 0.00 0.00
398 2017_06_16 16:33:12 617 255 0 -0.010 0.0 0.8112,0.0100 1001 -6.56E-001 769.0 100.0 750.9 非数字 1.00 0.00 0.00
399 2017_06_16 16:33:12 623 255 0 -0.010 0.0 0.8112,0.0100 1001 -6.56E-001 769.0 100.0 750.9 非数字 1.00 0.00 0.00
400 2017_06_16 16:33:12 628 255 0 -0.010 0.0 0.8112,0.0100 1001 -6.56E-001 769.0 100.0 750.9 非数字 1.00 0.00 0.00
401 2017_06_16 16:33:12 633 255 0 -0.010 0.0 0.8112,0.0100 1001 -6.56E-001 769.0 100.0 750.9 非数字 1.00 0.00 0.00
402 2017_06_16 16:33:12 638 255 0 -0.010 0.0 0.8112,0.0100 1001 -6.56E-001 769.0 100.0 750.9 非数字 1.00 0.00 0.00
403 2017_06_16 16:33:12 643 255 0 -0.010 0.0 0.8112,0.0100 1001 -6.56E-001 769.0 100.0 750.9 非数字 1.00 0.00 0.00
404 2017_06_16 16:33:12 648 255 0 -0.010 0.0 0.8112,0.0100 1001 -6.56E-001 769.0 100.0 750.9 非数字 1.00 0.00 0.00
405 2017_06_16 16:33:12 655 255 0 -0.010 0.0 0.8112,0.0100 1001 -6.56E-001 769.0 100.0 750.9 非数字 1.00 0.00 0.00
406 2017_06_16 16:33:12 660 255 0 -0.010 0.0 0.8112,0.0100 1001 -6.56E-001 769.0 100.0 750.9 非数字 1.00 0.00 0.00
407 2017_06_16 16:33:12 665 255 0 -0.010 0.0 0.8112,0.0100 1001 -6.56E-001 769.0 100.0 750.9 非数字 1.00 0.00 0.00
408 2017_06_16 16:33:12 670 255 0 -0.010 0.0 0.8112,0.0100 1001 -6.56E-001 769.0 100.0 750.9 非数字 1.00 0.00 0.00
409 2017_06_16 16:33:12 676 255 0 -0.010 0.0 0.8112,0.0100 1001 -6.56E-001 769.0 100.0 750.9 非数字 1.00 0.00 0.00
410 2017_06_16 16:33:12 680 255 0 -0.010 0.0 0.8112,0.0100 1001 -6.56E-001 769.0 100.0 750.9 非数字 1.00 0.00 0.00
411 2017_06_16 16:33:12 686 255 0 -0.010 0.0 0.8112,0.0100 1001 -6.56E-001 769.0 100.0 750.9 非数字 1.00 0.00 0.00
412 2017_06_16 16:33:12 691 255 0 -0.010 0.0 0.8112,0.0100 1001 -6.56E-001 769.0 100.0 750.9 非数字 1.00 0.00 0.00
413 2017_06_16 16:33:12 696 255 0 -0.010 0.0 0.8112,0.0100 1001 -6.56E-001 769.0 100.0 750.9 非数字 1.00 0.00 0.00
414 2017_06_16 16:33:12 701 255 0 -0.010 0.0 0.8112,0.0100 1001 -6.56E-001 769.0 100.0 750.9 非数字 1.00 0.00 0.00
415 2017_06_16 16:33:12 706 255 0 -0.010 0.0 0.8112,0.0100 1001 -6.56E-001 769.0 100.0 750.9 非数字 1.00 0.00 0.00
416 2017_06_16 16:33:12 711 255 0 -0.010 0.0 0.8112,0.0100 1001 -6.56E-001 769.0 100.0 750.9 非数字 1.00 0.00 0.00
417 2017_06_16 16:33:12 716 255 0 -0.010 0.0 0.8112,0.0100 1001 -6.56E-001 769.0 100.0 750.9 非数字 1.00 0.00 0.00
418 2017_06_16 16:33:12 721 255 0 -0.010 0.0 0.8112,0.0100 1001 -6.56E-001 769.0 100.0 750.9 非数字 1.00 0.00 0.00
419 2017_06_16 16:33:12 726 255 0 -0.010 0.0 0.8112,0.0100 1001 -6.56E-001 769.0 100.0 750.9 非数字 1.00 0.00 0.00
420 2017_06_16 16:33:12 731 255 0 -0.010 0.0 0.8112,0.0100 1001 -6.56E-001 769.0 100.0 750.9 非数字 1.00 0.00 0.00
421 2017_06_16 16:33:12 736 255 0 -0.010 0.0 0.8112,0.0100 1001 -6.56E-001 769.0 100.0 750.9 非数字 1.00 0.00 0.00
422 2017_06_16 16:33:12 741 255 0 -0.010 0.0 0.8112,0.0100 1001 -6.56E-001 769.0 100.0 750.9 非数字 1.00 0.00 0.00
423 2017_06_16 16:33:12 746 255 0 -0.010 0.0 0.8112,0.0100 1001 -6.56E-001 769.0 100.0 750.9 非数字 1.00 0.00 0.00
424 2017_06_16 16:33:12 751 255 0 -0.010 0.0 0.8112,0.0100 1001 -6.56E-001 769.0 100.0 750.9 非数字 1.00 0.00 0.00
425 2017_06_16 16:33:12 756 255 0 -0.010 0.0 0.8112,0.0100 1001 -6.56E-001 769.0 100.0 750.9 非数字 1.00 0.00 0.00
426 2017_06_16 16:33:12 761 255 0 -0.010 0.0 0.8112,0.0100 1001 -6.56E-001 769.0 100.0 750.9 非数字 1.00 0.00 0.00
427 2017_06_16 16:33:12 766 255 0 -0.010 0.0 0.8112,0.0100 1001 -6.56E-001 769.0 100.0 750.9 非数字 1.00 0.00 0.00
428 2017_06_16 16:33:12 771 255 0 -0.010 0.0 0.8112,0.0100 1001 -6.56E-001 769.0 100.0 750.9 非数字 1.00 0.00 0.00
429 2017_06_16 16:33:12 776 255 0 -0.010 0.0 0.8112,0.0100 1001 -6.56E-001 769.0 100.0 750.9 非数字 1.00 0.00 0.00
430 2017_06_16 16:33:12 781 255 0 -0.010 0.0 0.8112,0.0100 1001 -6.56E-001 769.0 100.0 750.9 非数字 1.00 0.00 0.00
431 2017_06_16 16:33:12 786 255 0 -0.010 0.0 0.8112,0.0100 1001 -6.56E-001 769.0 100.0 750.9 非数字 1.00 0.00 0.00
432 2017_06_16 16:33:12 791 255 0 -0.010 0.0 0.8112,0.0100 1001 -6.56E-001 769.0 100.0 750.9 非数字 1.00 0.00 0.00
433 2017_06_16 16:33:12 796 255 0 -0.010 0.0 0.8112,0.0100 1001 -6.56E-001 769.0 100.0 750.9 非数字 1.00 0.00 0.00
434 2017_06_16 16:33:12 801 255 0 -0.010 0.0 0.8112,0.0100 1001 -6.56E-001 769.0 100.0 750.9 非数字 1.00 0.00 0.00
435 2017_06_16 16:33:12 806 255 0 -0.010 0.0 0.8112,0.0100 1001 -6.56E-001 769.0 100.0 750.9 非数字 1.00 0.00 0.00
436 2017_06_16 16:33:12 811 255 0 -0.010 0.0 0.8112,0.0100 1001 -6.56E-001 769.0 100.0 750.9 非数字 1.00 0.00 0.00
437 2017_06_16 16:33:12 816 255 0 -0.010 0.0 0.8112,0.0100 1001 -6.56E-001 769.0 100.0 750.9 非数字 1.00 0.00 0.00
438 2017_06_16 16:33:12 821 255 0 -0.010 0.0 0.8112,0.0100 1001 -6.56E-001 769.0 100.0 750.9 非数字 1.00 0.00 0.00
439 2017_06_16 16:33:12 826 255 0 -0.010 0.0 0.8112,0.0100 1001 -6.56E-001 769.0 100.0 750.9 非数字 1.00 0.00 0.00
440 2017_06_16 16:33:12 831 255 0 -0.010 0.0 0.8112,0.0100 1001 -6.56E-001 769.0 100.0 750.9 非数字 1.00 0.00 0.00
441 2017_06_16 16:33:12 836 255 0 -0.010 0.0 0.8112,0.0100 1001 -6.56E-001 769.0 100.0 750.9 非数字 1.00 0.00 0.00
442 2017_06_16 16:33:12 841 255 0 -0.010 0.0 0.8112,0.0100 1001 -6.56E-001 769.0 100.0 750.9 非数字 1.00 0.00 0.00
443 2017_06_16 16:33:12 846 255 0 -0.010 0.0 0.8112,0.0100 1001 -6.56E-001 769.0 100.0 750.9 非数字 1.00 0.00 0.00
444 2017_06_16 16:33:12 851 255 0 -0.010 0.0 0.8112,0.0100 1001 -6.56E-001 769.0 100.0 750.9 非数字 1.00 0.00 0.00
445 2017_06_16 16:33:12 856 255 0 -0.010 0.0 0.8112,0.0100 1001 -6.56E-001 769.0 100.0 750.9 非数字 1.00 0.00 0.00
446 2017_06_16 16:33:12 861 255 0 -0.010 0.0 0.8112,0.0100 1001 -6.56E-001 769.0 100.0 750.9 非数字 1.00 0.00 0.00
447 2017_06_16 16:33:12 866 255 0 -0.010 0.0 0.8112,0.0100 1001 -6.56E-001 769.0 100.0 750.9 非数字 1.00 0.00 0.00
448 2017_06_16 16:33:12 871 255 0 -0.010 0.0 0.8112,0.0100 1001 -6.56E-001 769.0 100.0 750.9 非数字 1.00 0.00 0.00
449 2017_06_16 16:33:12 876 255 0 -0.010 0.0 0.8112,0.0100 1001 -6.56E-001 769.0 100.0 750.9 非数字 1.00 0.00 0.00
450 2017_06_16 16:33:12 881 255 0 -0.010 0.0 0.8112,0.0100 1001 -6.56E-001 769.0 100.0 750.9 非数字 1.00 0.00 0.00
451 2017_06_16 16:33:12 886 255 0 -0.010 0.0 0.8112,0.0100 1001 -6.56E-001 769.0 100.0 750.9 非数字 1.00 0.00 0.00
452 2017_06_16 16:33:12 891 255 0 -0.010 0.0 0.8112,0.0100 1001 -6.56E-001 769.0 100.0 750.9 非数字 1.00 0.00 0.00
453 2017_06_16 16:33:12 896 255 0 -0.010 0.0 0.8112,0.0100 1001 -6.56E-001 769.0 100.0 750.9 非数字 1.00 0.00 0.00
454 2017_06_16 16:33:12 901 255 0 -0.010 0.0 0.8112,0.0100 1001 -6.56E-001 769.0 100.0 750.9 非数字 1.00 0.00 0.00
455 2017_06_16 16:33:12 906 255 0 -0.010 0.0 0.8112,0.0100 1001 -6.56E-001 769.0 100.0 750.9 非数字 1.00 0.00 0.00
456 2017_06_16 16:33:12 911 255 0 -0.010 0.0 0.8112,0.0100 1001 -6.56E-001 769.0 100.0 750.9 非数字 1.00 0.00 0.00
457 2017_06_16 16:33:12 916 255 0 -0.010 0.0 0.8112,0.0100 1001 -6.56E-001 769.0 100.0 750.9 非数字 1.00 0.00 0.00
458 2017_06_16 16:33:12 921 255 0 -0.010 0.0 0.8112,0.0100 1001 -6.56E-001 769.0 100.0 750.9 非数字 1.00 0.00 0.00
459 2017_06_16 16:33:12 926 255 0 -0.010 0.0 0.8112,0.0100 1001 -6.56E-001 769.0 100.0 750.9 非数字 1.00 0.00 0.00
460 2017_06_16 16:33:12 932 255 0 -0.010 0.0 0.8112,0.0100 1001 -6.56E-001 769.0 100.0 750.9 非数字 1.00 0.00 0.00
461 2017_06_16 16:33:12 937 255 0 -0.010 0.0 0.8112,0.0100 1001 -6.56E-001 769.0 100.0 750.9 非数字 1.00 0.00 0.00
462 2017_06_16 16:33:12 942 255 0 -0.010 0.0 0.8112,0.0100 1001 -6.56E-001 769.0 100.0 750.9 非数字 1.00 0.00 0.00
463 2017_06_16 16:33:12 947 255 0 -0.010 0.0 0.8112,0.0100 1001 -6.56E-001 769.0 100.0 750.9 非数字 1.00 0.00 0.00
464 2017_06_16 16:33:12 952 255 0 -0.010 0.0 0.8112,0.0100 1001 -6.56E-001 769.0 100.0 750.9 非数字 1.00 0.00 0.00
465 2017_06_16 16:33:12 957 255 0 -0.010 0.0 0.8112,0.0100 1001 -6.56E-001 769.0 100.0 750.9 非数字 1.00 0.00 0.00
466 2017_06_16 16:33:12 962 255 0 -0.010 0.0 0.8112,0.0100 1001 -6.56E-001 769.0 100.0 750.9 非数字 1.00 0.00 0.00
467 2017_06_16 16:33:12 967 255 0 -0.010 0.0 0.8112,0.0100 1001 -6.56E-001 769.0 100.0 750.9 非数字 1.00 0.00 0.00
468 2017_06_16 16:33:12 972 255 0 -0.010 0.0 0.8112,0.0100 1001 -6.56E-001 769.0 100.0 750.9 非数字 1.00 0.00 0.00
469 2017_06_16 16:33:12 977 255 0 -0.010 0.0 0.8112,0.0100 1001 -6.56E-001 769.0 100.0 750.9 非数字 1.00 0.00 0.00
470 2017_06_16 16:33:12 982 255 0 -0.010 0.0 0.8112,0.0100 1001 -6.56E-001 769.0 100.0 750.9 非数字 1.00 0.00 0.00
471 2017_06_16 16:33:12 987 255 0 -0.010 0.0 0.8112,0.0100 1001 -6.56E-001 769.0 100.0 750.9 非数字 1.00 0.00 0.00
472 2017_06_16 16:33:12 992 255 0 -0.010 0.0 0.8112,0.0100 1001 -6.56E-001 769.0 100.0 750.9 非数字 1.00 0.00 0.00
473 2017_06_16 16:33:12 997 255 0 -0.010 0.0 0.8112,0.0100 1001 -6.56E-001 769.0 100.0 750.9 非数字 1.00 0.00 0.00
474 2017_06_16 16:33:13 002 255 0 -0.010 0.0 0.8112,0.0100 1001 -6.56E-001 769.0 100.0 750.9 非数字 1.00 0.00 0.00
475 2017_06_16 16:33:13 007 255 0 -0.010 0.0 0.8112,0.0100 1001 -6.56E-001 769.0 100.0 750.9 非数字 1.00 0.00 0.00
476 2017_06_16 16:33:13 012 255 0 -0.010 0.0 0.8112,0.0100 1001 -6.56E-001 769.0 100.0 750.9 非数字 1.00 0.00 0.00
477 2017_06_16 16:33:13 017 255 0 -0.010 0.0 0.8112,0.0100 1001 -6.56E-001 769.0 100.0 750.9 非数字 1.00 0.00 0.00
478 2017_06_16 16:33:13 021 255 0 -0.010 0.0 0.8112,0.0100 1001 -6.56E-001 769.0 100.0 750.9 非数字 1.00 0.00 0.00
479 2017_06_16 16:33:13 027 255 0 -0.010 0.0 0.8112,0.0100 1001 -6.56E-001 769.0 100.0 750.9 非数字 1.00 0.00 0.00
480 2017_06_16 16:33:13 032 255 0 -0.010 0.0 0.8112,0.0100 1001 -6.56E-001 769.0 100.0 750.9 非数字 1.00 0.00 0.00
481 2017_06_16 16:33:13 037 255 0 -0.010 0.0 0.8112,0.0100 1001 -6.56E-001 769.0 100.0 750.9 非数字 1.00 0.00 0.00
482 2017_06_16 16:33:13 041 255 0 -0.010 0.0 0.8112,0.0100 1001 -6.56E-001 769.0 100.0 750.9 非数字 1.00 0.00 0.00
483 2017_06_16 16:33:13 047 255 0 -0.010 0.0 0.8112,0.0100 1001 -6.56E-001 769.0 100.0 750.9 非数字 1.00 0.00 0.00
484 2017_06_16 16:33:13 053 255 0 -0.010 0.0 0.8112,0.0100 1001 -6.56E-001 769.0 100.0 750.9 非数字 1.00 0.00 0.00
485 2017_06_16 16:33:13 058 255 0 -0.010 0.0 0.8112,0.0100 1001 -6.56E-001 769.0 100.0 750.9 非数字 1.00 0.00 0.00
486 2017_06_16 16:33:13 063 255 0 -0.010 0.0 0.8112,0.0100 1001 -6.56E-001 769.0 100.0 750.9 非数字 1.00 0.00 0.00
487 2017_06_16 16:33:13 068 255 0 -0.010 0.0 0.8112,0.0100 1001 -6.56E-001 769.0 100.0 750.9 非数字 1.00 0.00 0.00
488 2017_06_16 16:33:13 073 255 0 -0.010 0.0 0.8112,0.0100 1001 -6.56E-001 769.0 100.0 750.9 非数字 1.00 0.00 0.00
489 2017_06_16 16:33:13 078 255 0 -0.010 0.0 0.8112,0.0100 1001 -6.56E-001 769.0 100.0 750.9 非数字 1.00 0.00 0.00
490 2017_06_16 16:33:13 083 255 0 -0.010 0.0 0.8112,0.0100 1001 -6.56E-001 769.0 100.0 750.9 非数字 1.00 0.00 0.00
491 2017_06_16 16:33:13 088 255 0 -0.010 0.0 0.8112,0.0100 1001 -6.56E-001 769.0 100.0 750.9 非数字 1.00 0.00 0.00
492 2017_06_16 16:33:13 093 255 0 -0.010 0.0 0.8112,0.0100 1001 -6.56E-001 769.0 100.0 750.9 非数字 1.00 0.00 0.00
493 2017_06_16 16:33:13 099 255 0 -0.010 0.0 0.8112,0.0100 1001 -6.56E-001 769.0 100.0 750.9 非数字 1.00 0.00 0.00
494 2017_06_16 16:33:13 105 255 0 -0.010 0.0 0.8112,0.0100 1001 -6.56E-001 769.0 100.0 750.9 非数字 1.00 0.00 0.00
495 2017_06_16 16:33:13 112 255 0 -0.010 0.0 0.8112,0.0100 1001 -6.56E-001 769.0 100.0 750.9 非数字 1.00 0.00 0.00
496 2017_06_16 16:33:13 118 255 0 -0.010 0.0 0.8112,0.0100 1001 -6.56E-001 769.0 100.0 750.9 非数字 1.00 0.00 0.00
497 2017_06_16 16:33:13 123 255 0 -0.010 0.0 0.8112,0.0100 1001 -6.56E-001 769.0 100.0 750.9 非数字 1.00 0.00 0.00
498 2017_06_16 16:33:13 128 255 0 -0.010 0.0 0.8112,0.0100 1001 -6.56E-001 769.0 100.0 750.9 非数字 1.00 0.00 0.00
499 2017_06_16 16:33:13 133 255 0 -0.010 0.0 0.8112,0.0100 1001 -6.56E-001 769.0 100.0 750.9 非数字 1.00 0.00 0.00
500 2017_06_16 16:33:13 138 255 0 -0.010 0.0 0.8112,0.0100 1001 -6.56E-001 769.0 100.0 750.9 非数字 1.00 0.00 0.00
501 2017_06_16 16:33:13 143 255 0 -0.010 0.0 0.8112,0.0100 1001 -6.56E-001 769.0 100.0 750.9 非数字 1.00 0.00 0.00
502 2017_06_16 16:33:13 148 255 0 -0.010 0.0 0.8112,0.0100 1001 -6.56E-001 769.0 100.0 750.9 非数字 1.00 0.00 0.00
503 2017_06_16 16:33:13 153 255 0 -0.010 0.0 0.8112,0.0100 1001 -6.56E-001 769.0 100.0 750.9 非数字 1.00 0.00 0.00
504 2017_06_16 16:33:13 158 255 0 -0.010 0.0 0.8112,0.0100 1001 -6.56E-001 769.0 100.0 750.9 非数字 1.00 0.00 0.00
505 2017_06_16 16:33:13 163 255 0 -0.010 0.0 0.8112,0.0100 1001 -6.56E-001 769.0 100.0 750.9 非数字 1.00 0.00 0.00
506 2017_06_16 16:33:13 168 255 0 -0.010 0.0 0.8112,0.0100 1001 -6.56E-001 769.0 100.0 750.9 非数字 1.00 0.00 0.00
507 2017_06_16 16:33:13 173 255 0 -0.010 0.0 0.8112,0.0100 1001 -6.56E-001 769.0 100.0 750.9 非数字 1.00 0.00 0.00
508 2017_06_16 16:33:13 178 255 0 -0.010 0.0 0.8112,0.0100 1001 -6.56E-001 769.0 100.0 750.9 非数字 1.00 0.00 0.00
509 2017_06_16 16:33:13 183 255 0 -0.010 0.0 0.8112,0.0100 1001 -6.56E-001 769.0 100.0 750.9 非数字 1.00 0.00 0.00
510 2017_06_16 16:33:13 188 255 0 -0.010 0.0 0.8112,0.0100 1001 -6.56E-001 769.0 100.0 750.9 非数字 1.00 0.00 0.00
511 2017_06_16 16:33:13 193 255 0 -0.010 0.0 0.8112,0.0100 1001 -6.56E-001 769.0 100.0 750.9 非数字 1.00 0.00 0.00
512 2017_06_16 16:33:13 198 255 0 -0.010 0.0 0.8112,0.0100 1001 -6.56E-001 769.0 100.0 750.9 非数字 1.00 0.00 0.00
513 2017_06_16 16:33:13 203 255 0 -0.010 0.0 0.8112,0.0100 1001 -6.56E-001 769.0 100.0 750.9 非数字 1.00 0.00 0.00
514 2017_06_16 16:33:13 208 255 0 -0.010 0.0 0.8112,0.0100 1001 -6.56E-001 769.0 100.0 750.9 非数字 1.00 0.00 0.00
515 2017_06_16 16:33:13 213 255 0 -0.010 0.0 0.8112,0.0100 1001 -6.56E-001 769.0 100.0 750.9 非数字 1.00 0.00 0.00
516 2017_06_16 16:33:13 218 255 0 -0.010 0.0 0.8112,0.0100 1001 -6.56E-001 769.0 100.0 750.9 非数字 1.00 0.00 0.00
517 2017_06_16 16:33:13 223 255 0 -0.010 0.0 0.8112,0.0100 1001 -6.56E-001 769.0 100.0 750.9 非数字 1.00 0.00 0.00
518 2017_06_16 16:33:13 228 255 0 -0.010 0.0 0.8112,0.0100 1001 -6.56E-001 769.0 100.0 750.9 非数字 1.00 0.00 0.00
519 2017_06_16 16:33:13 233 255 0 -0.010 0.0 0.8112,0.0100 1001 -6.56E-001 769.0 100.0 750.9 非数字 1.00 0.00 0.00
520 2017_06_16 16:33:13 238 255 0 -0.010 0.0 0.8112,0.0100 1001 -6.56E-001 769.0 100.0 750.9 非数字 1.00 0.00 0.00
521 2017_06_16 16:33:13 243 255 0 -0.010 0.0 0.8112,0.0100 1001 -6.56E-001 769.0 100.0 750.9 非数字 1.00 0.00 0.00
522 2017_06_16 16:33:13 248 255 0 -0.010 0.0 0.8112,0.0100 1001 -6.56E-001 769.0 100.0 750.9 非数字 1.00 0.00 0.00
523 2017_06_16 16:33:13 253 255 0 -0.010 0.0 0.8112,0.0100 1001 -6.56E-001 769.0 100.0 750.9 非数字 1.00 0.00 0.00
524 2017_06_16 16:33:13 258 255 0 -0.010 0.0 0.8112,0.0100 1001 -6.56E-001 769.0 100.0 750.9 非数字 1.00 0.00 0.00
525 2017_06_16 16:33:13 263 255 0 -0.010 0.0 0.8112,0.0100 1001 -6.56E-001 769.0 100.0 750.9 非数字 1.00 0.00 0.00
526 2017_06_16 16:33:13 268 255 0 -0.010 0.0 0.8112,0.0100 1001 -6.56E-001 769.0 100.0 750.9 非数字 1.00 0.00 0.00
527 2017_06_16 16:33:13 273 255 0 -0.010 0.0 0.8112,0.0100 1001 -6.56E-001 769.0 100.0 750.9 非数字 1.00 0.00 0.00
528 2017_06_16 16:33:13 279 255 0 -0.010 0.0 0.8112,0.0100 1001 -6.56E-001 769.0 100.0 750.9 非数字 1.00 0.00 0.00
529 2017_06_16 16:33:13 285 255 0 -0.010 0.0 0.8112,0.0100 1001 -6.56E-001 769.0 100.0 750.9 非数字 1.00 0.00 0.00
530 2017_06_16 16:33:13 290 255 0 -0.010 0.0 0.8112,0.0100 1001 -6.56E-001 769.0 100.0 750.9 非数字 1.00 0.00 0.00
531 2017_06_16 16:33:13 296 255 0 -0.010 0.0 0.8112,0.0100 1001 -6.56E-001 769.0 100.0 750.9 非数字 1.00 0.00 0.00
532 2017_06_16 16:33:13 301 255 0 -0.010 0.0 0.8112,0.0100 1001 -6.56E-001 769.0 100.0 750.9 非数字 1.00 0.00 0.00
533 2017_06_16 16:33:13 306 255 0 -0.010 0.0 0.8112,0.0100 1001 -6.56E-001 769.0 100.0 750.9 非数字 1.00 0.00 0.00
534 2017_06_16 16:33:13 311 255 0 -0.010 0.0 0.8112,0.0100 1001 -6.56E-001 769.0 100.0 750.9 非数字 1.00 0.00 0.00
535 2017_06_16 16:33:13 316 255 0 -0.010 0.0 0.8112,0.0100 1001 -6.56E-001 769.0 100.0 750.9 非数字 1.00 0.00 0.00
536 2017_06_16 16:33:13 321 255 0 -0.010 0.0 0.8112,0.0100 1001 -6.56E-001 769.0 100.0 750.9 非数字 1.00 0.00 0.00
537 2017_06_16 16:33:13 326 255 0 -0.010 0.0 0.8112,0.0100 1001 -6.56E-001 769.0 100.0 750.9 非数字 1.00 0.00 0.00
538 2017_06_16 16:33:13 331 255 0 -0.010 0.0 0.8112,0.0100 1001 -6.56E-001 769.0 100.0 750.9 非数字 1.00 0.00 0.00
539 2017_06_16 16:33:13 336 255 0 -0.010 0.0 0.8112,0.0100 1001 -6.56E-001 769.0 100.0 750.9 非数字 1.00 0.00 0.00
540 2017_06_16 16:33:13 341 255 0 -0.010 0.0 0.8112,0.0100 1001 -6.56E-001 769.0 100.0 750.9 非数字 1.00 0.00 0.00
541 2017_06_16 16:33:13 346 255 0 -0.010 0.0 0.8112,0.0100 1001 -6.56E-001 769.0 100.0 750.9 非数字 1.00 0.00 0.00
542 2017_06_16 16:33:13 351 255 0 -0.010 0.0 0.8112,0.0100 1001 -6.56E-001 769.0 100.0 750.9 非数字 1.00 0.00 0.00
543 2017_06_16 16:33:13 356 255 0 -0.010 0.0 0.8112,0.0100 1001 -6.56E-001 769.0 100.0 750.9 非数字 1.00 0.00 0.00
544 2017_06_16 16:33:13 364 255 0 -0.010 0.0 0.8112,0.0100 1001 -6.56E-001 769.0 100.0 750.9 非数字 1.00 0.00 0.00
545 2017_06_16 16:33:13 369 255 0 -0.010 0.0 0.8112,0.0100 1001 -6.56E-001 769.0 100.0 750.9 非数字 1.00 0.00 0.00
546 2017_06_16 16:33:13 375 255 0 -0.010 0.0 0.8112,0.0100 1001 -6.56E-001 769.0 100.0 750.9 非数字 1.00 0.00 0.00
547 2017_06_16 16:33:13 380 255 0 -0.010 0.0 0.8112,0.0100 1001 -6.56E-001 769.0 100.0 750.9 非数字 1.00 0.00 0.00
548 2017_06_16 16:33:13 385 255 0 -0.010 0.0 0.8112,0.0100 1001 -6.56E-001 769.0 100.0 750.9 非数字 1.00 0.00 0.00
549 2017_06_16 16:33:13 390 255 0 -0.010 0.0 0.8112,0.0100 1001 -6.56E-001 769.0 100.0 750.9 非数字 1.00 0.00 0.00
550 2017_06_16 16:33:13 395 255 0 -0.010 0.0 0.8112,0.0100 1001 -6.56E-001 769.0 100.0 750.9 非数字 1.00 0.00 0.00
551 2017_06_16 16:33:13 400 255 0 -0.010 0.0 0.8112,0.0100 1001 -6.56E-001 769.0 100.0 750.9 非数字 1.00 0.00 0.00
552 2017_06_16 16:33:13 405 255 0 -0.010 0.0 0.8112,0.0100 1001 -6.56E-001 769.0 100.0 750.9 非数字 1.00 0.00 0.00
553 2017_06_16 16:33:13 410 255 0 -0.010 0.0 0.8112,0.0100 1001 -6.56E-001 769.0 100.0 750.9 非数字 1.00 0.00 0.00
554 2017_06_16 16:33:13 415 255 0 -0.010 0.0 0.8112,0.0100 1001 -6.56E-001 769.0 100.0 750.9 非数字 1.00 0.00 0.00
555 2017_06_16 16:33:13 420 255 0 -0.010 0.0 0.8112,0.0100 1001 -6.56E-001 769.0 100.0 750.9 非数字 1.00 0.00 0.00
556 2017_06_16 16:33:13 425 255 0 -0.010 0.0 0.8112,0.0100 1001 -6.56E-001 769.0 100.0 750.9 非数字 1.00 0.00 0.00
557 2017_06_16 16:33:13 430 255 0 -0.010 0.0 0.8112,0.0100 1001 -6.56E-001 769.0 100.0 750.9 非数字 1.00 0.00 0.00
558 2017_06_16 16:33:13 436 255 0 -0.010 0.0 0.8112,0.0100 1001 -6.56E-001 769.0 100.0 750.9 非数字 1.00 0.00 0.00
559 2017_06_16 16:33:13 441 255 0 -0.010 0.0 0.8112,0.0100 1001 -6.56E-001 769.0 100.0 750.9 非数字 1.00 0.00 0.00
560 2017_06_16 16:33:13 446 255 0 -0.010 0.0 0.8112,0.0100 1001 -6.56E-001 769.0 100.0 750.9 非数字 1.00 0.00 0.00
561 2017_06_16 16:33:13 451 255 0 -0.010 0.0 0.8112,0.0100 1001 -6.56E-001 769.0 100.0 750.9 非数字 1.00 0.00 0.00
562 2017_06_16 16:33:13 456 255 0 -0.010 0.0 0.8112,0.0100 1001 -6.56E-001 769.0 100.0 750.9 非数字 1.00 0.00 0.00
563 2017_06_16 16:33:13 461 255 0 -0.010 0.0 0.8112,0.0100 1001 -6.56E-001 769.0 100.0 750.9 非数字 1.00 0.00 0.00
564 2017_06_16 16:33:13 466 255 0 -0.010 0.0 0.8112,0.0100 1001 -6.56E-001 769.0 100.0 750.9 非数字 1.00 0.00 0.00
565 2017_06_16 16:33:13 471 255 0 -0.010 0.0 0.8112,0.0100 1001 -6.56E-001 769.0 100.0 750.9 非数字 1.00 0.00 0.00
566 2017_06_16 16:33:13 476 255 0 -0.010 0.0 0.8112,0.0100 1001 -6.56E-001 769.0 100.0 750.9 非数字 1.00 0.00 0.00
567 2017_06_16 16:33:13 481 255 0 -0.010 0.0 0.8112,0.0100 1001 -6.56E-001 769.0 100.0 750.9 非数字 1.00 0.00 0.00
568 2017_06_16 16:33:13 485 255 0 -0.010 0.0 0.8112,0.0100 1001 -6.56E-001 769.0 100.0 750.9 非数字 1.00 0.00 0.00
569 2017_06_16 16:33:13 491 255 0 -0.010 0.0 0.8112,0.0100 1001 -6.56E-001 769.0 100.0 750.9 非数字 1.00 0.00 0.00
570 2017_06_16 16:33:13 496 255 0 -0.010 0.0 0.8112,0.0100 1001 -6.56E-001 769.0 100.0 750.9 非数字 1.00 0.00 0.00
571 2017_06_16 16:33:13 501 255 0 -0.010 0.0 0.8112,0.0100 1001 -6.56E-001 769.0 100.0 750.9 非数字 1.00 0.00 0.00
572 2017_06_16 16:33:13 506 255 0 -0.010 0.0 0.8112,0.0100 1001 -6.56E-001 769.0 100.0 750.9 非数字 1.00 0.00 0.00
573 2017_06_16 16:33:13 511 255 0 -0.010 0.0 0.8112,0.0100 1001 -6.56E-001 769.0 100.0 750.9 非数字 1.00 0.00 0.00
574 2017_06_16 16:33:13 516 255 0 -0.010 0.0 0.8112,0.0100 1001 -6.56E-001 769.0 100.0 750.9 非数字 1.00 0.00 0.00
575 2017_06_16 16:33:13 521 255 0 -0.010 0.0 0.8112,0.0100 1001 -6.56E-001 769.0 100.0 750.9 非数字 1.00 0.00 0.00
576 2017_06_16 16:33:13 526 255 0 -0.010 0.0 0.8112,0.0100 1001 -6.56E-001 769.0 100.0 750.9 非数字 1.00 0.00 0.00
577 2017_06_16 16:33:13 531 255 0 -0.010 0.0 0.8112,0.0100 1001 -6.56E-001 769.0 100.0 750.9 非数字 1.00 0.00 0.00
578 2017_06_16 16:33:13 536 255 0 -0.010 0.0 0.8112,0.0100 1001 -6.56E-001 769.0 100.0 750.9 非数字 1.00 0.00 0.00
579 2017_06_16 16:33:13 541 255 0 -0.010 0.0 0.8112,0.0100 1001 -6.56E-001 769.0 100.0 750.9 非数字 1.00 0.00 0.00
580 2017_06_16 16:33:13 546 255 0 -0.010 0.0 0.8112,0.0100 1001 -6.56E-001 769.0 100.0 750.9 非数字 1.00 0.00 0.00
581 2017_06_16 16:33:13 551 255 0 -0.010 0.0 0.8112,0.0100 1001 -6.56E-001 769.0 100.0 750.9 非数字 1.00 0.00 0.00
582 2017_06_16 16:33:13 556 255 0 -0.010 0.0 0.8112,0.0100 1001 -6.56E-001 769.0 100.0 750.9 非数字 1.00 0.00 0.00
583 2017_06_16 16:33:13 561 255 0 -0.010 0.0 0.8112,0.0100 1001 -6.56E-001 769.0 100.0 750.9 非数字 1.00 0.00 0.00
584 2017_06_16 16:33:13 566 255 0 -0.010 0.0 0.8112,0.0100 1001 -6.56E-001 769.0 100.0 750.9 非数字 1.00 0.00 0.00
585 2017_06_16 16:33:13 571 255 0 -0.010 0.0 0.8112,0.0100 1001 -6.56E-001 769.0 100.0 750.9 非数字 1.00 0.00 0.00
586 2017_06_16 16:33:13 576 255 0 -0.010 0.0 0.8112,0.0100 1001 -6.56E-001 769.0 100.0 750.9 非数字 1.00 0.00 0.00
587 2017_06_16 16:33:13 581 255 0 -0.010 0.0 0.8112,0.0100 1001 -6.56E-001 769.0 100.0 750.9 非数字 1.00 0.00 0.00
588 2017_06_16 16:33:13 586 255 0 -0.010 0.0 0.8112,0.0100 1001 -6.56E-001 769.0 100.0 750.9 非数字 1.00 0.00 0.00
589 2017_06_16 16:33:13 591 255 0 -0.010 0.0 0.8112,0.0100 1001 -6.56E-001 769.0 100.0 750.9 非数字 1.00 0.00 0.00
590 2017_06_16 16:33:13 596 255 0 -0.010 0.0 0.8112,0.0100 1001 -6.56E-001 769.0 100.0 750.9 非数字 1.00 0.00 0.00
591 2017_06_16 16:33:13 601 255 0 -0.010 0.0 0.8112,0.0100 1001 -6.56E-001 769.0 100.0 750.9 非数字 1.00 0.00 0.00
592 2017_06_16 16:33:13 606 255 0 -0.010 0.0 0.8112,0.0100 1001 -6.56E-001 769.0 100.0 750.9 非数字 1.00 0.00 0.00
593 2017_06_16 16:33:13 611 255 0 -0.010 0.0 0.8112,0.0100 1001 -6.56E-001 769.0 100.0 750.9 非数字 1.00 0.00 0.00
594 2017_06_16 16:33:13 616 255 0 -0.010 0.0 0.8112,0.0100 1001 -6.56E-001 769.0 100.0 750.9 非数字 1.00 0.00 0.00
595 2017_06_16 16:33:13 621 255 0 -0.010 0.0 0.8112,0.0100 1001 -6.56E-001 769.0 100.0 750.9 非数字 1.00 0.00 0.00
596 2017_06_16 16:33:13 626 255 0 -0.010 0.0 0.8112,0.0100 1001 -6.56E-001 769.0 100.0 750.9 非数字 1.00 0.00 0.00
597 2017_06_16 16:33:13 631 255 0 -0.010 0.0 0.8112,0.0100 1001 -6.56E-001 769.0 100.0 750.9 非数字 1.00 0.00 0.00
598 2017_06_16 16:33:13 636 255 0 -0.010 0.0 0.8112,0.0100 1001 -6.56E-001 769.0 100.0 750.9 非数字 1.00 0.00 0.00
599 2017_06_16 16:33:13 641 255 0 -0.010 0.0 0.8112,0.0100 1001 -6.56E-001 769.0 100.0 750.9 非数字 1.00 0.00 0.00
600 2017_06_16 16:33:13 646 255 0 -0.010 0.0 0.8112,0.0100 1001 -6.56E-001 769.0 100.0 750.9 非数字 1.00 0.00 0.00
601 2017_06_16 16:33:13 651 255 0 -0.010 0.0 0.8112,0.0100 1001 -6.56E-001 769.0 100.0 750.9 非数字 1.00 0.00 0.00
602 2017_06_16 16:33:13 656 255 0 -0.010 0.0 0.8112,0.0100 1001 -6.56E-001 769.0 100.0 750.9 非数字 1.00 0.00 0.00
603 2017_06_16 16:33:13 661 255 0 -0.010 0.0 0.8112,0.0100 1001 -6.56E-001 769.0 100.0 750.9 非数字 1.00 0.00 0.00
604 2017_06_16 16:33:13 666 255 0 -0.010 0.0 0.8112,0.0100 1001 -6.56E-001 769.0 100.0 750.9 非数字 1.00 0.00 0.00
605 2017_06_16 16:33:13 671 255 0 -0.010 0.0 0.8112,0.0100 1001 -6.56E-001 769.0 100.0 750.9 非数字 1.00 0.00 0.00
606 2017_06_16 16:33:13 676 255 0 -0.010 0.0 0.8112,0.0100 1001 -6.56E-001 769.0 100.0 750.9 非数字 1.00 0.00 0.00
607 2017_06_16 16:33:13 681 255 0 -0.010 0.0 0.8112,0.0100 1001 -6.56E-001 769.0 100.0 750.9 非数字 1.00 0.00 0.00
608 2017_06_16 16:33:13 686 255 0 -0.010 0.0 0.8112,0.0100 1001 -6.56E-001 769.0 100.0 750.9 非数字 1.00 0.00 0.00
609 2017_06_16 16:33:13 691 255 0 -0.010 0.0 0.8112,0.0100 1001 -6.56E-001 769.0 100.0 750.9 非数字 1.00 0.00 0.00
610 2017_06_16 16:33:13 696 255 0 -0.010 0.0 0.8112,0.0100 1001 -6.56E-001 769.0 100.0 750.9 非数字 1.00 0.00 0.00
611 2017_06_16 16:33:13 701 255 0 -0.010 0.0 0.8112,0.0100 1001 -6.56E-001 769.0 100.0 750.9 非数字 1.00 0.00 0.00
612 2017_06_16 16:33:13 706 255 0 -0.010 0.0 0.8112,0.0100 1001 -6.56E-001 769.0 100.0 750.9 非数字 1.00 0.00 0.00
613 2017_06_16 16:33:13 711 255 0 -0.010 0.0 0.8112,0.0100 1001 -6.56E-001 769.0 100.0 750.9 非数字 1.00 0.00 0.00
614 2017_06_16 16:33:13 716 255 0 -0.010 0.0 0.8112,0.0100 1001 -6.56E-001 769.0 100.0 750.9 非数字 1.00 0.00 0.00
615 2017_06_16 16:33:13 721 255 0 -0.010 0.0 0.8112,0.0100 1001 -6.56E-001 769.0 100.0 750.9 非数字 1.00 0.00 0.00
616 2017_06_16 16:33:13 726 255 0 -0.010 0.0 0.8112,0.0100 1001 -6.56E-001 769.0 100.0 750.9 非数字 1.00 0.00 0.00
617 2017_06_16 16:33:13 732 255 0 -0.010 0.0 0.8112,0.0100 1001 -6.56E-001 769.0 100.0 750.9 非数字 1.00 0.00 0.00
618 2017_06_16 16:33:13 737 255 0 -0.010 0.0 0.8112,0.0100 1001 -6.56E-001 769.0 100.0 750.9 非数字 1.00 0.00 0.00
619 2017_06_16 16:33:13 742 255 0 -0.010 0.0 0.8112,0.0100 1001 -6.56E-001 769.0 100.0 750.9 非数字 1.00 0.00 0.00
620 2017_06_16 16:33:13 747 255 0 -0.010 0.0 0.8112,0.0100 1001 -6.56E-001 769.0 100.0 750.9 非数字 1.00 0.00 0.00
621 2017_06_16 16:33:13 752 255 0 -0.010 0.0 0.8112,0.0100 1001 -6.56E-001 769.0 100.0 750.9 非数字 1.00 0.00 0.00
622 2017_06_16 16:33:13 757 255 0 -0.010 0.0 0.8112,0.0100 1001 -6.56E-001 769.0 100.0 750.9 非数字 1.00 0.00 0.00
623 2017_06_16 16:33:13 762 255 0 -0.010 0.0 0.8112,0.0100 1001 -6.56E-001 769.0 100.0 750.9 非数字 1.00 0.00 0.00
624 2017_06_16 16:33:13 767 255 0 -0.010 0.0 0.8112,0.0100 1001 -6.56E-001 769.0 100.0 750.9 非数字 1.00 0.00 0.00
625 2017_06_16 16:33:13 772 255 0 -0.010 0.0 0.8112,0.0100 1001 -6.56E-001 769.0 100.0 750.9 非数字 1.00 0.00 0.00
626 2017_06_16 16:33:13 777 255 0 -0.010 0.0 0.8112,0.0100 1001 -6.56E-001 769.0 100.0 750.9 非数字 1.00 0.00 0.00
627 2017_06_16 16:33:13 782 255 0 -0.010 0.0 0.8112,0.0100 1001 -6.56E-001 769.0 100.0 750.9 非数字 1.00 0.00 0.00
628 2017_06_16 16:33:13 787 255 0 -0.010 0.0 0.8112,0.0100 1001 -6.56E-001 769.0 100.0 750.9 非数字 1.00 0.00 0.00
629 2017_06_16 16:33:13 792 255 0 -0.010 0.0 0.8112,0.0100 1001 -6.56E-001 769.0 100.0 750.9 非数字 1.00 0.00 0.00
630 2017_06_16 16:33:13 797 255 0 -0.010 0.0 0.8112,0.0100 1001 -6.56E-001 769.0 100.0 750.9 非数字 1.00 0.00 0.00
631 2017_06_16 16:33:13 802 255 0 -0.010 0.0 0.8112,0.0100 1001 -6.56E-001 769.0 100.0 750.9 非数字 1.00 0.00 0.00
632 2017_06_16 16:33:13 807 255 0 -0.010 0.0 0.8112,0.0100 1001 -6.56E-001 769.0 100.0 750.9 非数字 1.00 0.00 0.00
633 2017_06_16 16:33:13 813 255 0 -0.010 0.0 0.8112,0.0100 1001 -6.56E-001 769.0 100.0 750.9 非数字 1.00 0.00 0.00
634 2017_06_16 16:33:13 818 255 0 -0.010 0.0 0.8112,0.0100 1001 -6.56E-001 769.0 100.0 750.9 非数字 1.00 0.00 0.00
635 2017_06_16 16:33:13 823 255 0 -0.010 0.0 0.8112,0.0100 1001 -6.56E-001 769.0 100.0 750.9 非数字 1.00 0.00 0.00
636 2017_06_16 16:33:13 828 255 0 -0.010 0.0 0.8112,0.0100 1001 -6.56E-001 769.0 100.0 750.9 非数字 1.00 0.00 0.00
637 2017_06_16 16:33:13 833 255 0 -0.010 0.0 0.8112,0.0100 1001 -6.56E-001 769.0 100.0 750.9 非数字 1.00 0.00 0.00
638 2017_06_16 16:33:13 838 255 0 -0.010 0.0 0.8112,0.0100 1001 -6.56E-001 769.0 100.0 750.9 非数字 1.00 0.00 0.00
639 2017_06_16 16:33:13 843 255 0 -0.010 0.0 0.8112,0.0100 1001 -6.56E-001 769.0 100.0 750.9 非数字 1.00 0.00 0.00
640 2017_06_16 16:33:13 848 255 0 -0.010 0.0 0.8112,0.0100 1001 -6.56E-001 769.0 100.0 750.9 非数字 1.00 0.00 0.00
641 2017_06_16 16:33:13 853 255 0 -0.010 0.0 0.8112,0.0100 1001 -6.56E-001 769.0 100.0 750.9 非数字 1.00 0.00 0.00
642 2017_06_16 16:33:13 858 255 0 -0.010 0.0 0.8112,0.0100 1001 -6.56E-001 769.0 100.0 750.9 非数字 1.00 0.00 0.00
643 2017_06_16 16:33:13 863 255 0 -0.010 0.0 0.8112,0.0100 1001 -6.56E-001 769.0 100.0 750.9 非数字 1.00 0.00 0.00
644 2017_06_16 16:33:13 868 255 0 -0.010 0.0 0.8112,0.0100 1001 -6.56E-001 769.0 100.0 750.9 非数字 1.00 0.00 0.00
645 2017_06_16 16:33:13 873 255 0 -0.010 0.0 0.8112,0.0100 1001 -6.56E-001 769.0 100.0 750.9 非数字 1.00 0.00 0.00
646 2017_06_16 16:33:13 878 255 0 -0.010 0.0 0.8112,0.0100 1001 -6.56E-001 769.0 100.0 750.9 非数字 1.00 0.00 0.00
647 2017_06_16 16:33:13 883 255 0 -0.010 0.0 0.8112,0.0100 1001 -6.56E-001 769.0 100.0 750.9 非数字 1.00 0.00 0.00
648 2017_06_16 16:33:13 888 255 0 -0.010 0.0 0.8112,0.0100 1001 -6.56E-001 769.0 100.0 750.9 非数字 1.00 0.00 0.00
649 2017_06_16 16:33:13 893 255 0 -0.010 0.0 0.8112,0.0100 1001 -6.56E-001 769.0 100.0 750.9 非数字 1.00 0.00 0.00
650 2017_06_16 16:33:13 898 255 0 -0.010 0.0 0.8112,0.0100 1001 -6.56E-001 769.0 100.0 750.9 非数字 1.00 0.00 0.00
651 2017_06_16 16:33:13 903 255 0 -0.010 0.0 0.8112,0.0100 1001 -6.56E-001 769.0 100.0 750.9 非数字 1.00 0.00 0.00
652 2017_06_16 16:33:13 908 255 0 -0.010 0.0 0.8112,0.0100 1001 -6.56E-001 769.0 100.0 750.9 非数字 1.00 0.00 0.00
653 2017_06_16 16:33:13 913 255 0 -0.010 0.0 0.8112,0.0100 1001 -6.56E-001 769.0 100.0 750.9 非数字 1.00 0.00 0.00
654 2017_06_16 16:33:13 918 255 0 -0.010 0.0 0.8112,0.0100 1001 -6.56E-001 769.0 100.0 750.9 非数字 1.00 0.00 0.00
655 2017_06_16 16:33:13 923 255 0 -0.010 0.0 0.8112,0.0100 1001 -6.56E-001 769.0 100.0 750.9 非数字 1.00 0.00 0.00
656 2017_06_16 16:33:13 928 255 0 -0.010 0.0 0.8112,0.0100 1001 -6.56E-001 769.0 100.0 750.9 非数字 1.00 0.00 0.00
657 2017_06_16 16:33:13 933 255 0 -0.010 0.0 0.8112,0.0100 1001 -6.56E-001 769.0 100.0 750.9 非数字 1.00 0.00 0.00
658 2017_06_16 16:33:13 938 255 0 -0.010 0.0 0.8112,0.0100 1001 -6.56E-001 769.0 100.0 750.9 非数字 1.00 0.00 0.00
659 2017_06_16 16:33:13 943 255 0 -0.010 0.0 0.8112,0.0100 1001 -6.56E-001 769.0 100.0 750.9 非数字 1.00 0.00 0.00
660 2017_06_16 16:33:13 948 255 0 -0.010 0.0 0.8112,0.0100 1001 -6.56E-001 769.0 100.0 750.9 非数字 1.00 0.00 0.00
661 2017_06_16 16:33:13 953 255 0 -0.010 0.0 0.8112,0.0100 1001 -6.56E-001 769.0 100.0 750.9 非数字 1.00 0.00 0.00
662 2017_06_16 16:33:13 958 255 0 -0.010 0.0 0.8112,0.0100 1001 -6.56E-001 769.0 100.0 750.9 非数字 1.00 0.00 0.00
663 2017_06_16 16:33:13 963 255 0 -0.010 0.0 0.8112,0.0100 1001 -6.56E-001 769.0 100.0 750.9 非数字 1.00 0.00 0.00
664 2017_06_16 16:33:13 968 255 0 -0.010 0.0 0.8112,0.0100 1001 -6.56E-001 769.0 100.0 750.9 非数字 1.00 0.00 0.00
665 2017_06_16 16:33:13 973 255 0 -0.010 0.0 0.8112,0.0100 1001 -6.56E-001 769.0 100.0 750.9 非数字 1.00 0.00 0.00
666 2017_06_16 16:33:13 978 255 0 -0.010 0.0 0.8112,0.0100 1001 -6.56E-001 769.0 100.0 750.9 非数字 1.00 0.00 0.00
667 2017_06_16 16:33:13 983 255 0 -0.010 0.0 0.8112,0.0100 1001 -6.56E-001 769.0 100.0 750.9 非数字 1.00 0.00 0.00
668 2017_06_16 16:33:13 988 255 0 -0.010 0.0 0.8112,0.0100 1001 -6.56E-001 769.0 100.0 750.9 非数字 1.00 0.00 0.00
669 2017_06_16 16:33:13 993 255 0 -0.010 0.0 0.8112,0.0100 1001 -6.56E-001 769.0 100.0 750.9 非数字 1.00 0.00 0.00
670 2017_06_16 16:33:13 998 255 0 -0.010 0.0 0.8112,0.0100 1001 -6.56E-001 769.0 100.0 750.9 非数字 1.00 0.00 0.00
671 2017_06_16 16:33:14 005 255 0 -0.010 0.0 0.8112,0.0100 1001 -6.56E-001 769.0 100.0 750.9 非数字 1.00 0.00 0.00
672 2017_06_16 16:33:14 010 255 0 -0.010 0.0 0.8112,0.0100 1001 -6.56E-001 769.0 100.0 750.9 非数字 1.00 0.00 0.00
673 2017_06_16 16:33:14 015 255 0 -0.010 0.0 0.8112,0.0100 1001 -6.56E-001 769.0 100.0 750.9 非数字 1.00 0.00 0.00
674 2017_06_16 16:33:14 020 255 0 -0.010 0.0 0.8112,0.0100 1001 -6.56E-001 769.0 100.0 750.9 非数字 1.00 0.00 0.00
675 2017_06_16 16:33:14 025 255 0 -0.010 0.0 0.8112,0.0100 1001 -6.56E-001 769.0 100.0 750.9 非数字 1.00 0.00 0.00
676 2017_06_16 16:33:14 030 255 0 -0.010 0.0 0.8112,0.0100 1001 -6.56E-001 769.0 100.0 750.9 非数字 1.00 0.00 0.00
677 2017_06_16 16:33:14 035 255 0 -0.010 0.0 0.8112,0.0100 1001 -6.56E-001 769.0 100.0 750.9 非数字 1.00 0.00 0.00
678 2017_06_16 16:33:14 040 255 0 -0.010 0.0 0.8112,0.0100 1001 -6.56E-001 769.0 100.0 750.9 非数字 1.00 0.00 0.00
679 2017_06_16 16:33:14 045 255 0 -0.010 0.0 0.8112,0.0100 1001 -6.56E-001 769.0 100.0 750.9 非数字 1.00 0.00 0.00
680 2017_06_16 16:33:14 050 255 0 -0.010 0.0 0.8112,0.0100 1001 -6.56E-001 769.0 100.0 750.9 非数字 1.00 0.00 0.00
681 2017_06_16 16:33:14 055 255 0 -0.010 0.0 0.8112,0.0100 1001 -6.56E-001 769.0 100.0 750.9 非数字 1.00 0.00 0.00
682 2017_06_16 16:33:14 060 255 0 -0.010 0.0 0.8112,0.0100 1001 -6.56E-001 769.0 100.0 750.9 非数字 1.00 0.00 0.00
683 2017_06_16 16:33:14 065 255 0 -0.010 0.0 0.8112,0.0100 1001 -6.56E-001 769.0 100.0 750.9 非数字 1.00 0.00 0.00
684 2017_06_16 16:33:14 070 255 0 -0.010 0.0 0.8112,0.0100 1001 -6.56E-001 769.0 100.0 750.9 非数字 1.00 0.00 0.00
685 2017_06_16 16:33:14 075 255 0 -0.010 0.0 0.8112,0.0100 1001 -6.56E-001 769.0 100.0 750.9 非数字 1.00 0.00 0.00
686 2017_06_16 16:33:14 080 255 0 -0.010 0.0 0.8112,0.0100 1001 -6.56E-001 769.0 100.0 750.9 非数字 1.00 0.00 0.00
687 2017_06_16 16:33:14 085 255 0 -0.010 0.0 0.8112,0.0100 1001 -6.56E-001 769.0 100.0 750.9 非数字 1.00 0.00 0.00
688 2017_06_16 16:33:14 090 255 0 -0.010 0.0 0.8112,0.0100 1001 -6.56E-001 769.0 100.0 750.9 非数字 1.00 0.00 0.00
689 2017_06_16 16:33:14 095 255 0 -0.010 0.0 0.8112,0.0100 1001 -6.56E-001 769.0 100.0 750.9 非数字 1.00 0.00 0.00
690 2017_06_16 16:33:14 100 255 0 -0.010 0.0 0.8112,0.0100 1001 -6.56E-001 769.0 100.0 750.9 非数字 1.00 0.00 0.00
691 2017_06_16 16:33:14 105 255 0 -0.010 0.0 0.8112,0.0100 1001 -6.56E-001 769.0 100.0 750.9 非数字 1.00 0.00 0.00
692 2017_06_16 16:33:14 110 255 0 -0.010 0.0 0.8112,0.0100 1001 -6.56E-001 769.0 100.0 750.9 非数字 1.00 0.00 0.00
693 2017_06_16 16:33:14 115 255 0 -0.010 0.0 0.8112,0.0100 1001 -6.56E-001 769.0 100.0 750.9 非数字 1.00 0.00 0.00
694 2017_06_16 16:33:14 120 255 0 -0.010 0.0 0.8112,0.0100 1001 -6.56E-001 769.0 100.0 750.9 非数字 1.00 0.00 0.00
695 2017_06_16 16:33:14 125 255 0 -0.010 0.0 0.8112,0.0100 1001 -6.56E-001 769.0 100.0 750.9 非数字 1.00 0.00 0.00
696 2017_06_16 16:33:14 131 255 0 -0.010 0.0 0.8112,0.0100 1001 -6.56E-001 769.0 100.0 750.9 非数字 1.00 0.00 0.00
697 2017_06_16 16:33:14 136 255 0 -0.010 0.0 0.8112,0.0100 1001 -6.56E-001 769.0 100.0 750.9 非数字 1.00 0.00 0.00
698 2017_06_16 16:33:14 141 255 0 -0.010 0.0 0.8112,0.0100 1001 -6.56E-001 769.0 100.0 750.9 非数字 1.00 0.00 0.00
699 2017_06_16 16:33:14 145 255 0 -0.010 0.0 0.8112,0.0100 1001 -6.56E-001 769.0 100.0 750.9 非数字 1.00 0.00 0.00
700 2017_06_16 16:33:14 151 255 0 -0.010 0.0 0.8112,0.0100 1001 -6.56E-001 769.0 100.0 750.9 非数字 1.00 0.00 0.00
701 2017_06_16 16:33:14 156 255 0 -0.010 0.0 0.8112,0.0100 1001 -6.56E-001 769.0 100.0 750.9 非数字 1.00 0.00 0.00
702 2017_06_16 16:33:14 161 255 0 -0.010 0.0 0.8112,0.0100 1001 -6.56E-001 769.0 100.0 750.9 非数字 1.00 0.00 0.00
703 2017_06_16 16:33:14 166 255 0 -0.010 0.0 0.8112,0.0100 1001 -6.56E-001 769.0 100.0 750.9 非数字 1.00 0.00 0.00
704 2017_06_16 16:33:14 171 255 0 -0.010 0.0 0.8112,0.0100 1001 -6.56E-001 769.0 100.0 750.9 非数字 1.00 0.00 0.00
705 2017_06_16 16:33:14 176 255 0 -0.010 0.0 0.8112,0.0100 1001 -6.56E-001 769.0 100.0 750.9 非数字 1.00 0.00 0.00
706 2017_06_16 16:33:14 182 255 0 -0.010 0.0 0.8112,0.0100 1001 -6.56E-001 769.0 100.0 750.9 非数字 1.00 0.00 0.00
707 2017_06_16 16:33:14 186 255 0 -0.010 0.0 0.8112,0.0100 1001 -6.56E-001 769.0 100.0 750.9 非数字 1.00 0.00 0.00
708 2017_06_16 16:33:14 192 255 0 -0.010 0.0 0.8112,0.0100 1001 -6.56E-001 769.0 100.0 750.9 非数字 1.00 0.00 0.00
709 2017_06_16 16:33:14 197 255 0 -0.010 0.0 0.8112,0.0100 1001 -6.56E-001 769.0 100.0 750.9 非数字 1.00 0.00 0.00
710 2017_06_16 16:33:14 202 255 0 -0.010 0.0 0.8112,0.0100 1001 -6.56E-001 769.0 100.0 750.9 非数字 1.00 0.00 0.00
711 2017_06_16 16:33:14 207 255 0 -0.010 0.0 0.8112,0.0100 1001 -6.56E-001 769.0 100.0 750.9 非数字 1.00 0.00 0.00
712 2017_06_16 16:33:14 211 255 0 -0.010 0.0 0.8112,0.0100 1001 -6.56E-001 769.0 100.0 750.9 非数字 1.00 0.00 0.00
713 2017_06_16 16:33:14 217 255 0 -0.010 0.0 0.8112,0.0100 1001 -6.56E-001 769.0 100.0 750.9 非数字 1.00 0.00 0.00
714 2017_06_16 16:33:14 222 255 0 -0.010 0.0 0.8112,0.0100 1001 -6.56E-001 769.0 100.0 750.9 非数字 1.00 0.00 0.00
715 2017_06_16 16:33:14 227 255 0 -0.010 0.0 0.8112,0.0100 1001 -6.56E-001 769.0 100.0 750.9 非数字 1.00 0.00 0.00
716 2017_06_16 16:33:14 233 255 0 -0.010 0.0 0.8112,0.0100 1001 -6.56E-001 769.0 100.0 750.9 非数字 1.00 0.00 0.00
717 2017_06_16 16:33:14 238 255 0 -0.010 0.0 0.8112,0.0100 1001 -6.56E-001 769.0 100.0 750.9 非数字 1.00 0.00 0.00
718 2017_06_16 16:33:14 243 255 0 -0.010 0.0 0.8112,0.0100 1001 -6.56E-001 769.0 100.0 750.9 非数字 1.00 0.00 0.00
719 2017_06_16 16:33:14 248 255 0 -0.010 0.0 0.8112,0.0100 1001 -6.56E-001 769.0 100.0 750.9 非数字 1.00 0.00 0.00
720 2017_06_16 16:33:14 253 255 0 -0.010 0.0 0.8112,0.0100 1001 -6.56E-001 769.0 100.0 750.9 非数字 1.00 0.00 0.00
721 2017_06_16 16:33:14 258 255 0 -0.010 0.0 0.8112,0.0100 1001 -6.56E-001 769.0 100.0 750.9 非数字 1.00 0.00 0.00
722 2017_06_16 16:33:14 263 255 0 -0.010 0.0 0.8112,0.0100 1001 -6.56E-001 769.0 100.0 750.9 非数字 1.00 0.00 0.00
723 2017_06_16 17:30:23 260 255 0 -0.010 0.0 0.4493,0.4187 2997 1.49E-003 583.3 54.5 774.7 99.4 14.30 0.08 0.00
724 2017_06_16 17:30:28 708 255 0 -0.010 0.0 0.4493,0.4187 2998 1.50E-003 583.3 54.5 774.7 99.4 14.30 0.08 0.00
725 2017_06_16 17:30:29 603 255 0 -0.010 0.0 0.4493,0.4187 2998 1.51E-003 583.3 54.6 774.7 99.4 14.30 0.08 0.00
726 2017_06_16 17:30:30 427 255 0 -0.010 0.0 0.4493,0.4187 2998 1.52E-003 583.3 54.6 774.7 99.4 14.31 0.08 0.00
727 2017_06_16 17:30:31 155 255 0 -0.010 0.0 0.4493,0.4187 2999 1.52E-003 583.3 54.6 774.7 99.4 14.31 0.08 0.00
728 2017_06_16 17:30:46 276 1 0 -0.010 0.0 0.4493,0.4187 2999 1.53E-003 583.3 54.6 774.7 99.4 14.31 0.08 0.00
729 2017_06_16 17:30:47 356 1 0 -0.010 0.0 0.4493,0.4188 2999 1.54E-003 583.3 54.6 774.7 99.4 14.31 0.08 0.00
730 2017_06_16 17:30:47 647 1 0 -0.010 0.0 0.4492,0.4188 2999 1.54E-003 583.3 54.6 774.7 99.4 14.32 0.08 0.00
731 2017_06_16 17:30:48 299 1 0 -0.010 0.0 0.4492,0.4188 3000 1.55E-003 583.3 54.5 774.7 99.4 14.32 0.08 0.00
732 2017_06_16 17:30:50 491 1 0 -0.010 0.0 0.4492,0.4188 3000 1.55E-003 583.3 54.5 774.7 99.4 14.32 0.08 0.00
733 2017_06_16 17:30:51 251 1 0 -0.010 0.0 0.4492,0.4188 3000 1.55E-003 583.3 54.6 774.7 99.4 14.32 0.08 0.00
734 2017_06_16 17:30:52 348 1 0 -0.010 0.0 0.4492,0.4188 3000 1.56E-003 583.3 54.6 774.7 99.4 14.32 0.08 0.00
735 2017_06_16 17:30:53 716 1 0 -0.010 0.0 0.4492,0.4188 3000 1.56E-003 583.3 54.6 774.7 99.4 14.32 0.08 0.00
736 2017_06_16 17:30:54 772 1 0 -0.010 0.0 0.4492,0.4188 3001 1.57E-003 583.3 54.6 774.7 99.4 14.32 0.08 0.00
737 2017_06_16 17:30:55 564 1 0 -0.010 0.0 0.4492,0.4188 3001 1.57E-003 583.3 54.5 774.7 99.4 14.33 0.08 0.00
