记录条数   时间  bin号 晶号 电压(V) 反向漏电流(uA) 色坐标(x,y) 相关色温(K) 色差 主波长(nm) 色纯度(%) 峰值波长(nm) 显色性指数 光通量(lm) 辐射通量(mW) 光效 
0 2017_10_22_16:27:16_817 255 0 6.787 0.1 -0.0063,-0.0041 0 0.00E+000 -0.9 0.0 379.8 -0.9 -0.43 0.00 0.00
1 2017_10_22_16:27:17_757 255 0 6.787 0.1 -0.0063,-0.0041 0 0.00E+000 -0.9 0.0 379.8 -0.9 -0.43 0.00 0.00
2 2017_10_22_16:27:17_848 255 0 6.787 0.1 -0.0063,-0.0041 0 0.00E+000 -0.9 0.0 379.8 -0.9 -0.43 0.00 0.00
3 2017_10_22_16:27:17_939 255 0 6.787 0.1 -0.0063,-0.0041 0 0.00E+000 -0.9 0.0 379.8 -0.9 -0.43 0.00 0.00
4 2017_10_22_16:27:18_029 255 0 6.787 0.1 -0.0063,-0.0041 0 0.00E+000 -0.9 0.0 379.8 -0.9 -0.43 0.00 0.00
5 2017_10_22_16:27:18_119 255 0 6.787 0.1 -0.0063,-0.0041 0 0.00E+000 -0.9 0.0 379.8 -0.9 -0.43 0.00 0.00
6 2017_10_22_16:27:18_209 255 0 6.787 0.1 -0.0063,-0.0041 0 0.00E+000 -0.9 0.0 379.8 -0.9 -0.43 0.00 0.00
7 2017_10_22_16:27:18_301 255 0 6.787 0.1 -0.0063,-0.0041 0 0.00E+000 -0.9 0.0 379.8 -0.9 -0.43 0.00 0.00
8 2017_10_22_16:27:18_392 255 0 6.787 0.1 -0.0063,-0.0041 0 0.00E+000 -0.9 0.0 379.8 -0.9 -0.43 0.00 0.00
9 2017_10_22_16:27:18_483 255 0 6.787 0.1 -0.0063,-0.0041 0 0.00E+000 -0.9 0.0 379.8 -0.9 -0.43 0.00 0.00
10 2017_10_22_16:27:18_575 255 0 6.787 0.1 -0.0063,-0.0041 0 0.00E+000 -0.9 0.0 379.8 -0.9 -0.43 0.00 0.00
11 2017_10_22_16:27:18_665 255 0 6.787 0.1 -0.0063,-0.0041 0 0.00E+000 -0.9 0.0 379.8 -0.9 -0.43 0.00 0.00
12 2017_10_22_16:27:18_756 255 0 6.787 0.1 -0.0063,-0.0041 0 0.00E+000 -0.9 0.0 379.8 -0.9 -0.43 0.00 0.00
13 2017_10_22_16:27:18_848 255 0 6.787 0.1 -0.0063,-0.0041 0 0.00E+000 -0.9 0.0 379.8 -0.9 -0.43 0.00 0.00
14 2017_10_22_16:27:18_938 255 0 6.787 0.1 -0.0063,-0.0041 0 0.00E+000 -0.9 0.0 379.8 -0.9 -0.43 0.00 0.00
15 2017_10_22_16:27:19_030 255 0 6.787 0.1 -0.0063,-0.0041 0 0.00E+000 -0.9 0.0 379.8 -0.9 -0.43 0.00 0.00
16 2017_10_22_16:27:19_121 255 0 6.787 0.1 -0.0063,-0.0041 0 0.00E+000 -0.9 0.0 379.8 -0.9 -0.43 0.00 0.00
17 2017_10_22_16:27:19_210 255 0 6.787 0.1 -0.0063,-0.0041 0 0.00E+000 -0.9 0.0 379.8 -0.9 -0.43 0.00 0.00
18 2017_10_22_16:27:19_303 255 0 6.787 0.1 -0.0063,-0.0041 0 0.00E+000 -0.9 0.0 379.8 -0.9 -0.43 0.00 0.00
19 2017_10_22_16:27:19_395 255 0 6.787 0.1 -0.0063,-0.0041 0 0.00E+000 -0.9 0.0 379.8 -0.9 -0.43 0.00 0.00
20 2017_10_22_16:27:19_486 255 0 6.787 0.1 -0.0063,-0.0041 0 0.00E+000 -0.9 0.0 379.8 -0.9 -0.43 0.00 0.00
21 2017_10_22_16:27:19_578 255 0 6.787 0.1 -0.0063,-0.0041 0 0.00E+000 -0.9 0.0 379.8 -0.9 -0.43 0.00 0.00
22 2017_10_22_16:27:19_668 255 0 6.787 0.1 -0.0063,-0.0041 0 0.00E+000 -0.9 0.0 379.8 -0.9 -0.43 0.00 0.00
23 2017_10_22_16:27:19_757 255 0 6.787 0.1 -0.0063,-0.0041 0 0.00E+000 -0.9 0.0 379.8 -0.9 -0.43 0.00 0.00
24 2017_10_22_16:27:19_849 255 0 6.787 0.1 -0.0063,-0.0041 0 0.00E+000 -0.9 0.0 379.8 -0.9 -0.43 0.00 0.00
25 2017_10_22_16:27:19_940 255 0 6.787 0.1 -0.0063,-0.0041 0 0.00E+000 -0.9 0.0 379.8 -0.9 -0.43 0.00 0.00
26 2017_10_22_16:27:20_032 255 0 6.787 0.1 -0.0063,-0.0041 0 0.00E+000 -0.9 0.0 379.8 -0.9 -0.43 0.00 0.00
27 2017_10_22_16:27:20_122 255 0 6.787 0.1 -0.0063,-0.0041 0 0.00E+000 -0.9 0.0 379.8 -0.9 -0.43 0.00 0.00
28 2017_10_22_16:27:20_213 255 0 6.787 0.1 -0.0063,-0.0041 0 0.00E+000 -0.9 0.0 379.8 -0.9 -0.43 0.00 0.00
29 2017_10_22_16:27:20_304 255 0 6.787 0.1 -0.0063,-0.0041 0 0.00E+000 -0.9 0.0 379.8 -0.9 -0.43 0.00 0.00
30 2017_10_22_16:27:20_394 255 0 6.787 0.1 -0.0063,-0.0041 0 0.00E+000 -0.9 0.0 379.8 -0.9 -0.43 0.00 0.00
31 2017_10_22_16:27:20_485 255 0 6.787 0.1 -0.0063,-0.0041 0 0.00E+000 -0.9 0.0 379.8 -0.9 -0.43 0.00 0.00
32 2017_10_22_16:27:20_577 255 0 6.787 0.1 -0.0063,-0.0041 0 0.00E+000 -0.9 0.0 379.8 -0.9 -0.43 0.00 0.00
33 2017_10_22_16:27:20_669 255 0 6.787 0.1 -0.0063,-0.0041 0 0.00E+000 -0.9 0.0 379.8 -0.9 -0.43 0.00 0.00
34 2017_10_22_16:27:20_759 255 0 6.787 0.1 -0.0063,-0.0041 0 0.00E+000 -0.9 0.0 379.8 -0.9 -0.43 0.00 0.00
35 2017_10_22_16:27:20_850 255 0 6.787 0.1 -0.0063,-0.0041 0 0.00E+000 -0.9 0.0 379.8 -0.9 -0.43 0.00 0.00
36 2017_10_22_16:27:20_941 255 0 6.787 0.1 -0.0063,-0.0041 0 0.00E+000 -0.9 0.0 379.8 -0.9 -0.43 0.00 0.00
37 2017_10_22_16:27:21_031 255 0 6.787 0.1 -0.0063,-0.0041 0 0.00E+000 -0.9 0.0 379.8 -0.9 -0.43 0.00 0.00
38 2017_10_22_16:27:21_121 255 0 6.787 0.1 -0.0063,-0.0041 0 0.00E+000 -0.9 0.0 379.8 -0.9 -0.43 0.00 0.00
39 2017_10_22_16:27:21_211 255 0 6.787 0.1 -0.0063,-0.0041 0 0.00E+000 -0.9 0.0 379.8 -0.9 -0.43 0.00 0.00
40 2017_10_22_16:27:21_302 255 0 6.787 0.1 -0.0063,-0.0041 0 0.00E+000 -0.9 0.0 379.8 -0.9 -0.43 0.00 0.00
41 2017_10_22_16:27:21_393 255 0 6.787 0.1 -0.0063,-0.0041 0 0.00E+000 -0.9 0.0 379.8 -0.9 -0.43 0.00 0.00
42 2017_10_22_16:27:21_485 255 0 6.787 0.1 -0.0063,-0.0041 0 0.00E+000 -0.9 0.0 379.8 -0.9 -0.43 0.00 0.00
43 2017_10_22_16:27:21_575 255 0 6.787 0.1 -0.0063,-0.0041 0 0.00E+000 -0.9 0.0 379.8 -0.9 -0.43 0.00 0.00
44 2017_10_22_16:27:21_667 255 0 6.787 0.1 -0.0063,-0.0041 0 0.00E+000 -0.9 0.0 379.8 -0.9 -0.43 0.00 0.00
45 2017_10_22_16:27:21_758 255 0 6.787 0.1 -0.0063,-0.0041 0 0.00E+000 -0.9 0.0 379.8 -0.9 -0.43 0.00 0.00
46 2017_10_22_16:27:21_848 255 0 6.787 0.1 -0.0063,-0.0041 0 0.00E+000 -0.9 0.0 379.8 -0.9 -0.43 0.00 0.00
47 2017_10_22_16:27:21_939 255 0 6.787 0.1 -0.0063,-0.0041 0 0.00E+000 -0.9 0.0 379.8 -0.9 -0.43 0.00 0.00
48 2017_10_22_16:27:22_031 255 0 6.787 0.1 -0.0063,-0.0041 0 0.00E+000 -0.9 0.0 379.8 -0.9 -0.43 0.00 0.00
49 2017_10_22_16:27:22_122 255 0 6.787 0.1 -0.0063,-0.0041 0 0.00E+000 -0.9 0.0 379.8 -0.9 -0.43 0.00 0.00
50 2017_10_22_16:27:22_213 255 0 6.787 0.1 -0.0063,-0.0041 0 0.00E+000 -0.9 0.0 379.8 -0.9 -0.43 0.00 0.00
51 2017_10_22_16:27:22_302 255 0 6.787 0.1 -0.0063,-0.0041 0 0.00E+000 -0.9 0.0 379.8 -0.9 -0.43 0.00 0.00
52 2017_10_22_16:27:22_394 255 0 6.787 0.1 -0.0063,-0.0041 0 0.00E+000 -0.9 0.0 379.8 -0.9 -0.43 0.00 0.00
53 2017_10_22_16:27:22_486 255 0 6.787 0.1 -0.0063,-0.0041 0 0.00E+000 -0.9 0.0 379.8 -0.9 -0.43 0.00 0.00
54 2017_10_22_16:27:22_580 255 0 6.787 0.1 -0.0063,-0.0041 0 0.00E+000 -0.9 0.0 379.8 -0.9 -0.43 0.00 0.00
55 2017_10_22_16:27:22_672 255 0 6.787 0.1 -0.0063,-0.0041 0 0.00E+000 -0.9 0.0 379.8 -0.9 -0.43 0.00 0.00
56 2017_10_22_16:27:22_764 255 0 6.787 0.1 -0.0063,-0.0041 0 0.00E+000 -0.9 0.0 379.8 -0.9 -0.43 0.00 0.00
57 2017_10_22_16:27:22_854 255 0 6.787 0.1 -0.0063,-0.0041 0 0.00E+000 -0.9 0.0 379.8 -0.9 -0.43 0.00 0.00
58 2017_10_22_16:27:22_945 255 0 6.787 0.1 -0.0063,-0.0041 0 0.00E+000 -0.9 0.0 379.8 -0.9 -0.43 0.00 0.00
59 2017_10_22_16:27:23_036 255 0 6.787 0.1 -0.0063,-0.0041 0 0.00E+000 -0.9 0.0 379.8 -0.9 -0.43 0.00 0.00
60 2017_10_22_16:27:23_128 255 0 6.787 0.1 -0.0063,-0.0041 0 0.00E+000 -0.9 0.0 379.8 -0.9 -0.43 0.00 0.00
61 2017_10_22_16:27:23_219 255 0 6.787 0.1 -0.0063,-0.0041 0 0.00E+000 -0.9 0.0 379.8 -0.9 -0.43 0.00 0.00
62 2017_10_22_16:27:23_310 255 0 6.787 0.1 -0.0063,-0.0041 0 0.00E+000 -0.9 0.0 379.8 -0.9 -0.43 0.00 0.00
63 2017_10_22_16:27:23_400 255 0 6.787 0.1 -0.0063,-0.0041 0 0.00E+000 -0.9 0.0 379.8 -0.9 -0.43 0.00 0.00
64 2017_10_22_16:27:23_493 255 0 6.787 0.1 -0.0063,-0.0041 0 0.00E+000 -0.9 0.0 379.8 -0.9 -0.43 0.00 0.00
65 2017_10_22_16:27:23_585 255 0 6.787 0.1 -0.0063,-0.0041 0 0.00E+000 -0.9 0.0 379.8 -0.9 -0.43 0.00 0.00
66 2017_10_22_16:27:23_677 255 0 6.787 0.1 -0.0063,-0.0041 0 0.00E+000 -0.9 0.0 379.8 -0.9 -0.43 0.00 0.00
67 2017_10_22_16:27:23_769 255 0 6.787 0.1 -0.0063,-0.0041 0 0.00E+000 -0.9 0.0 379.8 -0.9 -0.43 0.00 0.00
68 2017_10_22_16:27:23_861 255 0 6.787 0.1 -0.0063,-0.0041 0 0.00E+000 -0.9 0.0 379.8 -0.9 -0.43 0.00 0.00
69 2017_10_22_16:27:23_950 255 0 6.787 0.1 -0.0063,-0.0041 0 0.00E+000 -0.9 0.0 379.8 -0.9 -0.43 0.00 0.00
70 2017_10_22_16:27:24_041 255 0 6.787 0.1 -0.0063,-0.0041 0 0.00E+000 -0.9 0.0 379.8 -0.9 -0.43 0.00 0.00
