记录条数   时间  bin号 晶号 电压(V) 反向漏电流(uA) 色坐标(x,y) 相关色温(K) 色差 主波长(nm) 色纯度(%) 峰值波长(nm) 显色性指数 光通量(lm) 辐射通量(mW) 光效 
0 2017_10_23_11:08:26_831 255 0 1.835 1.6 0.5222,0.3228 1476 2.59E-002 613.3 56.6 727.0 -110.4 0.88 0.02 0.44
1 2017_10_23_11:08:27_638 255 0 1.834 0.3 -0.0063,0.9959 6656 2.44E-001 520.2 100.0 764.3 非数字 -0.43 0.00 0.00
2 2017_10_23_11:08:28_232 255 0 1.837 1.7 -0.0063,0.9959 7339 2.33E-001 520.2 100.0 728.0 非数字 -0.43 0.00 0.00
3 2017_10_23_11:08:28_858 255 0 1.839 0.8 0.8972,-0.0041 1001 -6.56E-001 767.1 100.0 719.1 非数字 -0.43 0.00 0.00
4 2017_10_23_11:08:29_984 255 0 1.837 1.2 -0.0063,0.9959 9371 2.14E-001 520.2 100.0 727.8 非数字 -0.43 0.00 0.00
5 2017_10_23_11:08:30_023 255 0 1.835 0.7 0.9937,-0.0041 5144 2.94E-001 767.1 100.0 764.9 非数字 -0.43 0.00 0.00
6 2017_10_23_11:08:30_063 255 0 1.839 0.7 0.9937,-0.0041 4847 3.11E-001 767.1 100.0 721.1 非数字 -0.43 0.00 0.00
7 2017_10_23_11:08:30_104 255 0 1.836 0.9 0.3055,0.4216 6117 4.56E-002 540.1 22.2 732.4 非数字 -0.05 0.00 0.22
8 2017_10_23_11:08:30_144 255 0 1.834 1.1 0.9937,-0.0041 6538 2.47E-001 767.1 100.0 769.4 非数字 -0.43 0.00 0.00
9 2017_10_23_11:08:30_184 255 0 1.838 1.1 -0.0063,0.9959 8574 2.20E-001 520.2 100.0 736.9 非数字 -0.43 0.00 0.00
10 2017_10_23_11:08:30_224 255 0 1.836 1.1 0.5230,0.2213 1001 -6.40E-002 767.1 54.7 764.2 -9421.0 -0.16 0.01 0.14
11 2017_10_23_11:08:30_264 255 0 1.837 1.1 0.9937,-0.0041 6365 2.51E-001 767.1 100.0 766.8 非数字 -0.43 0.00 0.00
12 2017_10_23_11:08:30_305 255 0 1.837 1.1 0.9937,-0.0041 5883 2.64E-001 767.1 100.0 720.2 非数字 -0.43 0.00 0.00
13 2017_10_23_11:08:30_345 255 0 1.836 1.1 0.8046,-0.0041 1001 -6.56E-001 767.1 100.0 719.1 非数字 -0.43 0.00 0.00
14 2017_10_23_11:08:30_385 255 0 1.836 1.0 0.9937,-0.0041 4183 3.72E-001 767.1 100.0 764.4 非数字 -0.43 0.00 0.00
15 2017_10_23_11:08:30_425 255 0 1.835 1.0 -0.0063,0.9959 7983 2.25E-001 520.2 100.0 763.6 非数字 -0.43 0.00 0.00
16 2017_10_23_11:08:30_465 255 0 1.841 1.0 0.9937,-0.0041 6760 2.42E-001 767.1 100.0 771.8 非数字 -0.43 0.00 0.00
17 2017_10_23_11:08:30_505 255 0 1.834 0.9 0.9937,-0.0041 4499 3.38E-001 767.1 100.0 718.7 非数字 -0.43 0.00 0.00
18 2017_10_23_11:08:30_545 255 0 1.838 0.9 -0.0063,0.9244 11515 2.05E-001 516.7 100.0 708.9 -234.8 -0.23 0.00 0.12
19 2017_10_23_11:08:30_585 255 0 1.836 0.9 0.9281,-0.0041 3012 6.96E-001 767.1 100.0 719.5 非数字 -0.43 0.00 0.00
20 2017_10_23_11:08:30_626 255 0 1.835 0.8 0.9937,-0.0041 7110 2.36E-001 767.1 100.0 718.9 非数字 -0.43 0.00 0.00
21 2017_10_23_11:08:30_666 255 0 1.839 0.6 0.9937,-0.0041 5922 2.63E-001 767.1 100.0 720.3 非数字 -0.43 0.00 0.00
22 2017_10_23_11:08:30_706 255 0 1.838 0.6 0.9937,-0.0041 5615 2.73E-001 767.1 100.0 724.7 非数字 -0.43 0.00 0.00
23 2017_10_23_11:08:30_746 255 0 1.837 0.6 -0.0063,0.9664 9258 2.15E-001 518.8 100.0 765.7 非数字 -0.43 0.01 0.00
24 2017_10_23_11:08:30_786 255 0 1.837 0.5 0.9937,-0.0041 5717 2.69E-001 767.1 100.0 734.7 非数字 -0.43 0.00 0.00
25 2017_10_23_11:08:30_826 255 0 1.835 0.4 -0.0063,0.9959 9224 2.15E-001 520.2 100.0 719.0 非数字 -0.43 0.00 0.00
26 2017_10_23_11:08:30_866 255 0 1.835 0.4 0.9937,-0.0041 5213 2.90E-001 767.1 100.0 720.2 非数字 -0.43 0.00 0.00
27 2017_10_23_11:08:30_906 255 0 1.839 0.4 0.9937,-0.0041 3211 5.98E-001 767.1 100.0 718.7 非数字 -0.43 0.00 0.00
28 2017_10_23_11:08:30_947 255 0 1.836 0.4 -0.0063,0.9959 10145 2.10E-001 520.2 100.0 760.7 非数字 -0.43 0.01 0.00
29 2017_10_23_11:08:30_987 255 0 1.837 0.4 -0.0063,0.9959 9154 2.16E-001 520.2 100.0 719.7 非数字 -0.43 0.00 0.00
30 2017_10_23_11:08:31_027 255 0 1.836 0.3 0.0295,0.7844 9746 1.99E-001 512.6 98.1 700.7 非数字 -0.43 0.00 0.00
