记录条数   时间  bin号 晶号 电压(V) 反向漏电流(uA) 色坐标(x,y) 相关色温(K) 色差 主波长(nm) 色纯度(%) 峰值波长(nm) 显色性指数 光通量(lm) 辐射通量(mW) 光效 
0 2017_06_15 10:08:25 590 10 0 9.232 0.6 0.5029,0.4396 2430 4.72E-003 585.4 76.9 762.0 92.6 26.53 0.21 4.39
1 2017_06_15 10:08:27 016 10 0 9.236 0.1 0.5030,0.4399 2431 4.84E-003 585.3 77.1 762.0 92.3 25.85 0.20 26.88
2 2017_06_15 10:08:28 160 10 0 9.230 0.0 0.5034,0.4399 2427 4.82E-003 585.4 77.2 761.9 92.1 25.87 0.20 269.17
3 2017_06_15 10:08:29 162 10 0 9.216 0.3 0.5031,0.4396 2428 4.72E-003 585.4 77.0 761.9 91.8 25.70 0.19 8.93
4 2017_06_15 10:08:29 182 10 0 9.227 0.3 0.5034,0.4389 2419 4.48E-003 585.5 76.9 761.8 92.1 25.71 0.19 9.22
5 2017_06_15 10:08:29 202 10 0 9.206 0.3 0.5035,0.4385 2416 4.36E-003 585.5 76.8 762.0 92.2 25.62 0.19 10.69
6 2017_06_15 10:08:29 222 10 0 9.221 0.3 0.5041,0.4387 2411 4.41E-003 585.6 77.0 762.0 92.1 25.50 0.19 10.21
7 2017_06_15 10:08:29 242 10 0 9.220 0.2 0.5038,0.4388 2415 4.46E-003 585.5 77.0 762.1 92.1 25.37 0.19 11.48
8 2017_06_15 10:08:29 261 10 0 9.221 0.2 0.5038,0.4390 2415 4.50E-003 585.5 77.0 762.1 92.0 25.36 0.19 12.00
9 2017_06_15 10:08:29 281 10 0 9.223 0.2 0.5039,0.4390 2415 4.50E-003 585.5 77.0 762.1 92.1 25.40 0.19 15.54
10 2017_06_15 10:08:29 304 10 0 9.193 0.2 0.5035,0.4394 2422 4.64E-003 585.4 77.1 762.0 92.1 25.27 0.19 13.88
11 2017_06_15 10:08:29 329 10 0 9.227 0.3 0.5035,0.4393 2421 4.60E-003 585.4 77.0 762.0 92.1 25.33 0.19 8.50
12 2017_06_15 10:08:29 353 10 0 9.238 0.4 0.5038,0.4389 2416 4.48E-003 585.5 77.0 762.1 92.1 25.36 0.19 5.99
13 2017_06_15 10:08:29 377 10 0 9.205 0.1 0.5039,0.4389 2415 4.48E-003 585.5 77.0 762.1 92.1 25.31 0.19 23.98
14 2017_06_15 10:08:29 437 10 0 9.221 0.1 0.5039,0.4388 2413 4.43E-003 585.5 77.0 762.1 92.2 25.38 0.19 29.35
15 2017_06_15 10:08:29 461 10 0 9.233 0.2 0.5039,0.4387 2414 4.43E-003 585.5 77.0 762.1 92.2 25.39 0.19 14.66
16 2017_06_15 10:08:29 485 10 0 9.227 0.2 0.5042,0.4387 2410 4.40E-003 585.6 77.0 762.1 92.1 25.26 0.19 11.42
17 2017_06_15 10:08:29 509 10 0 9.209 0.4 0.5042,0.4388 2411 4.44E-003 585.6 77.1 762.1 92.2 25.27 0.19 7.31
18 2017_06_15 10:08:29 534 10 0 9.216 0.4 0.5042,0.4389 2410 4.45E-003 585.6 77.1 762.0 92.1 25.26 0.19 6.92
19 2017_06_15 10:08:29 558 10 0 9.208 0.1 0.5042,0.4388 2410 4.44E-003 585.6 77.1 762.0 92.1 25.26 0.19 43.87
20 2017_06_15 10:08:29 582 10 0 9.220 0.2 0.5043,0.4389 2410 4.46E-003 585.6 77.1 762.0 92.0 25.22 0.19 12.50
21 2017_06_15 10:08:29 606 10 0 9.214 0.3 0.5045,0.4388 2407 4.42E-003 585.6 77.2 762.0 92.0 25.23 0.19 10.10
22 2017_06_15 10:08:29 628 10 0 9.235 0.4 0.5046,0.4387 2405 4.38E-003 585.6 77.2 762.0 92.0 25.22 0.19 6.24
23 2017_06_15 10:08:29 649 10 0 9.210 0.7 0.5046,0.4386 2404 4.36E-003 585.6 77.2 762.0 92.0 25.25 0.19 3.76
24 2017_06_15 10:08:29 671 10 0 9.224 0.4 0.5045,0.4386 2406 4.37E-003 585.6 77.1 762.0 92.0 25.27 0.19 6.74
25 2017_06_15 10:08:29 692 10 0 9.218 0.3 0.5045,0.4387 2406 4.38E-003 585.6 77.1 762.0 92.0 25.28 0.19 9.40
26 2017_06_15 10:08:29 713 10 0 9.213 0.2 0.5046,0.4386 2405 4.37E-003 585.6 77.2 762.0 92.0 25.32 0.19 15.51
27 2017_06_15 10:08:29 735 10 0 9.238 0.1 0.5047,0.4387 2404 4.39E-003 585.6 77.2 762.1 91.9 25.33 0.19 26.31
28 2017_06_15 10:08:29 755 10 0 9.204 0.1 0.5046,0.4387 2406 4.40E-003 585.6 77.2 762.0 91.9 25.31 0.19 32.98
29 2017_06_15 10:08:29 781 10 0 9.213 0.2 0.5046,0.4388 2406 4.42E-003 585.6 77.2 762.0 91.9 25.31 0.19 14.64
30 2017_06_15 10:08:29 804 10 0 9.200 0.1 0.5046,0.4388 2406 4.41E-003 585.6 77.2 762.0 92.0 25.31 0.19 18.85
31 2017_06_15 10:08:29 828 10 0 9.213 0.3 0.5047,0.4387 2405 4.40E-003 585.6 77.2 762.0 92.0 25.30 0.19 8.50
32 2017_06_15 10:08:29 852 10 0 9.207 0.7 0.5047,0.4387 2404 4.39E-003 585.6 77.2 762.0 92.1 25.33 0.19 4.06
33 2017_06_15 10:08:29 875 10 0 9.228 0.2 0.5047,0.4387 2405 4.40E-003 585.6 77.2 762.0 92.0 25.31 0.19 16.45
34 2017_06_15 10:08:29 900 10 0 9.214 0.1 0.5041,0.4391 2413 4.53E-003 585.5 77.2 762.0 91.6 25.23 0.19 52.54
35 2017_06_15 10:08:29 924 10 0 9.222 0.1 0.5046,0.4388 2406 4.43E-003 585.6 77.2 762.0 91.8 25.27 0.19 18.78
36 2017_06_15 10:08:29 947 10 0 9.221 0.3 0.5045,0.4388 2407 4.43E-003 585.6 77.2 762.0 91.8 25.29 0.19 8.22
37 2017_06_15 10:08:29 971 10 0 9.243 0.6 0.5045,0.4388 2406 4.41E-003 585.6 77.2 762.0 91.8 25.29 0.19 4.69
38 2017_06_15 10:08:29 996 10 0 9.219 0.1 0.5045,0.4389 2407 4.44E-003 585.6 77.2 762.0 91.8 25.26 0.19 23.89
39 2017_06_15 10:08:30 022 10 0 9.209 0.3 0.5045,0.4388 2406 4.41E-003 585.6 77.2 762.0 91.8 25.26 0.19 9.40
40 2017_06_15 10:08:30 046 10 0 9.199 0.2 0.5045,0.4388 2407 4.42E-003 585.6 77.2 762.0 91.8 25.23 0.19 11.44
41 2017_06_15 10:08:30 070 10 0 9.213 0.7 0.5045,0.4388 2407 4.42E-003 585.6 77.2 762.0 91.8 25.24 0.19 3.92
42 2017_06_15 10:08:30 095 10 0 9.207 0.2 0.5046,0.4387 2405 4.38E-003 585.6 77.2 762.0 91.9 25.26 0.19 10.97
43 2017_06_15 10:08:30 119 10 0 9.226 0.1 0.5046,0.4387 2405 4.39E-003 585.6 77.2 762.0 91.9 25.25 0.19 52.51
44 2017_06_15 10:08:30 140 10 0 9.209 0.0 0.5046,0.4387 2405 4.40E-003 585.6 77.2 762.0 91.9 25.24 0.19 131.44
45 2017_06_15 10:08:30 162 10 0 9.212 0.2 0.5046,0.4387 2405 4.39E-003 585.6 77.2 762.0 91.9 25.23 0.19 13.83
46 2017_06_15 10:08:30 184 10 0 9.209 0.3 0.5046,0.4387 2405 4.38E-003 585.6 77.2 762.0 92.0 25.23 0.19 8.76
47 2017_06_15 10:08:30 205 10 0 9.210 0.3 0.5047,0.4387 2404 4.38E-003 585.6 77.2 762.0 92.0 25.24 0.19 8.21
48 2017_06_15 10:08:30 224 10 0 9.227 0.3 0.5046,0.4387 2405 4.38E-003 585.6 77.2 762.0 92.0 25.22 0.19 7.71
49 2017_06_15 10:08:30 245 10 0 9.219 0.3 0.5046,0.4387 2404 4.38E-003 585.6 77.2 762.0 92.0 25.23 0.19 8.20
50 2017_06_15 10:08:30 264 10 0 9.216 0.3 0.5046,0.4386 2404 4.37E-003 585.6 77.2 762.0 92.0 25.22 0.19 7.72
51 2017_06_15 10:08:30 287 10 0 9.219 0.4 0.5047,0.4387 2404 4.38E-003 585.6 77.2 762.0 92.0 25.20 0.19 7.49
52 2017_06_15 10:08:30 311 10 0 9.209 0.6 0.5046,0.4387 2405 4.37E-003 585.6 77.2 762.0 92.0 25.21 0.19 4.61
53 2017_06_15 10:08:30 337 10 0 9.214 0.1 0.5046,0.4386 2404 4.36E-003 585.6 77.2 762.0 92.0 25.21 0.19 23.86
54 2017_06_15 10:08:30 361 10 0 9.225 0.2 0.5047,0.4386 2404 4.37E-003 585.6 77.2 762.0 92.0 25.21 0.19 10.92
55 2017_06_15 10:08:30 385 10 0 9.208 0.3 0.5047,0.4386 2404 4.37E-003 585.6 77.2 762.0 92.0 25.22 0.19 9.06
56 2017_06_15 10:08:30 409 10 0 9.216 0.5 0.5047,0.4387 2404 4.37E-003 585.6 77.2 762.0 92.0 25.23 0.19 5.25
57 2017_06_15 10:08:30 434 10 0 9.211 0.3 0.5047,0.4386 2404 4.36E-003 585.6 77.2 762.0 92.0 25.22 0.19 9.06
58 2017_06_15 10:08:30 457 10 0 9.217 0.1 0.5047,0.4386 2404 4.37E-003 585.6 77.2 762.0 92.0 25.21 0.19 32.80
59 2017_06_15 10:08:30 482 10 0 9.219 0.1 0.5048,0.4384 2401 4.29E-003 585.7 77.1 762.0 91.9 25.15 0.19 26.17
60 2017_06_15 10:08:30 506 10 0 9.214 0.3 0.5047,0.4385 2402 4.32E-003 585.6 77.2 762.0 91.9 25.17 0.19 7.71
61 2017_06_15 10:08:30 531 10 0 9.212 0.6 0.5047,0.4386 2403 4.34E-003 585.6 77.2 762.0 91.9 25.18 0.19 4.10
62 2017_06_15 10:08:30 555 10 0 9.213 0.2 0.5047,0.4386 2403 4.35E-003 585.6 77.2 762.0 91.9 25.19 0.19 15.43
63 2017_06_15 10:08:30 579 10 0 9.215 0.0 0.5047,0.4386 2404 4.35E-003 585.6 77.2 762.0 91.9 25.17 0.19 65.51
64 2017_06_15 10:08:30 603 10 0 9.209 0.0 0.5047,0.4386 2403 4.35E-003 585.6 77.2 762.0 91.9 25.18 0.19 0.00
65 2017_06_15 10:08:30 628 10 0 9.223 0.3 0.5047,0.4386 2404 4.37E-003 585.6 77.2 762.0 91.9 25.18 0.19 7.94
66 2017_06_15 10:08:30 649 10 0 9.214 0.6 0.5047,0.4386 2404 4.37E-003 585.6 77.2 762.0 91.9 25.18 0.19 4.10
67 2017_06_15 10:08:30 671 10 0 9.234 0.3 0.5046,0.4387 2404 4.38E-003 585.6 77.2 762.0 91.9 25.19 0.19 8.18
68 2017_06_15 10:08:30 692 10 0 9.233 0.2 0.5047,0.4387 2404 4.38E-003 585.6 77.2 762.0 91.9 25.17 0.19 16.35
69 2017_06_15 10:08:30 718 10 0 9.207 0.3 0.5047,0.4387 2404 4.38E-003 585.6 77.2 762.0 91.9 25.17 0.19 10.49
70 2017_06_15 10:08:30 740 10 0 9.223 0.1 0.5047,0.4387 2405 4.39E-003 585.6 77.2 762.0 91.9 25.15 0.19 37.38
71 2017_06_15 10:08:30 761 10 0 9.208 0.1 0.5047,0.4387 2405 4.40E-003 585.6 77.2 762.0 91.9 25.15 0.19 18.72
72 2017_06_15 10:08:30 783 10 0 9.220 0.3 0.5047,0.4387 2404 4.40E-003 585.6 77.2 762.0 91.9 25.15 0.19 9.02
73 2017_06_15 10:08:30 803 10 0 9.219 0.3 0.5048,0.4387 2403 4.38E-003 585.6 77.2 762.0 91.9 25.16 0.19 8.72
74 2017_06_15 10:08:30 824 10 0 9.206 0.3 0.5047,0.4387 2403 4.38E-003 585.6 77.2 762.0 91.9 25.17 0.19 7.71
75 2017_06_15 10:08:30 843 10 0 9.240 0.3 0.5047,0.4387 2404 4.38E-003 585.6 77.2 762.0 91.9 25.16 0.19 7.68
76 2017_06_15 10:08:30 864 10 0 9.205 0.4 0.5047,0.4387 2404 4.39E-003 585.6 77.2 762.0 91.9 25.15 0.19 7.49
77 2017_06_15 10:08:30 884 10 0 9.209 0.3 0.5048,0.4388 2404 4.40E-003 585.6 77.2 762.0 91.9 25.13 0.19 8.73
78 2017_06_15 10:08:30 904 10 0 9.210 0.3 0.5050,0.4385 2399 4.31E-003 585.7 77.2 762.0 91.8 25.09 0.19 8.71
79 2017_06_15 10:08:30 924 10 0 9.213 0.3 0.5047,0.4389 2405 4.44E-003 585.6 77.3 762.0 91.9 25.14 0.19 9.03
80 2017_06_15 10:08:30 943 10 0 9.220 0.3 0.5048,0.4388 2404 4.41E-003 585.6 77.3 762.0 91.8 25.12 0.19 7.92
81 2017_06_15 10:08:30 963 10 0 9.224 0.3 0.5048,0.4388 2404 4.41E-003 585.6 77.3 762.0 91.8 25.14 0.19 7.92
82 2017_06_15 10:08:30 984 10 0 9.233 0.3 0.5047,0.4388 2404 4.42E-003 585.6 77.2 762.0 91.9 25.15 0.19 8.43
83 2017_06_15 10:08:31 003 10 0 9.209 0.3 0.5055,0.4383 2393 4.25E-003 585.7 77.3 762.0 91.8 25.24 0.19 9.07
84 2017_06_15 10:08:31 023 10 0 9.214 0.3 0.5049,0.4387 2402 4.38E-003 585.6 77.3 762.0 91.8 25.19 0.19 7.71
85 2017_06_15 10:08:31 044 10 0 9.221 0.3 0.5048,0.4388 2404 4.41E-003 585.6 77.2 761.9 91.8 25.18 0.19 7.70
86 2017_06_15 10:08:31 065 10 0 9.215 0.3 0.5047,0.4388 2404 4.41E-003 585.6 77.2 762.0 91.9 25.19 0.19 8.46
87 2017_06_15 10:08:31 090 10 0 9.223 0.7 0.5048,0.4388 2403 4.41E-003 585.6 77.3 762.0 91.9 25.19 0.19 3.85
88 2017_06_15 10:08:31 114 10 0 9.228 0.2 0.5048,0.4388 2403 4.40E-003 585.6 77.3 762.0 91.9 25.18 0.19 15.40
89 2017_06_15 10:08:31 139 10 0 9.216 0.0 0.5049,0.4387 2403 4.40E-003 585.6 77.3 762.0 91.8 25.19 0.19 131.11
90 2017_06_15 10:08:31 163 10 0 9.213 0.1 0.5048,0.4388 2404 4.42E-003 585.6 77.3 762.0 91.8 25.18 0.19 26.22
91 2017_06_15 10:08:31 186 10 0 9.214 0.3 0.5048,0.4388 2404 4.41E-003 585.6 77.3 762.0 91.8 25.19 0.19 7.95
92 2017_06_15 10:08:31 207 10 0 9.213 0.7 0.5047,0.4389 2405 4.45E-003 585.6 77.3 762.0 91.9 25.23 0.19 3.81
93 2017_06_15 10:08:31 228 10 0 9.207 0.7 0.5048,0.4389 2405 4.44E-003 585.6 77.3 762.0 91.9 25.21 0.19 3.81
94 2017_06_15 10:08:31 249 10 0 9.219 0.3 0.5048,0.4388 2404 4.43E-003 585.6 77.3 761.9 91.8 25.20 0.19 7.71
95 2017_06_15 10:08:31 268 10 0 9.219 0.4 0.5048,0.4388 2404 4.43E-003 585.6 77.3 761.9 91.8 25.20 0.19 6.10
96 2017_06_15 10:08:31 287 10 0 9.233 0.4 0.5048,0.4388 2404 4.42E-003 585.6 77.3 761.9 91.8 25.21 0.19 5.95
97 2017_06_15 10:08:31 308 10 0 9.219 0.6 0.5048,0.4388 2403 4.41E-003 585.6 77.3 761.9 91.8 25.20 0.19 4.30
98 2017_06_15 10:08:31 331 10 0 9.209 0.3 0.5050,0.4384 2398 4.28E-003 585.7 77.2 761.9 91.8 25.12 0.19 9.34
99 2017_06_15 10:08:31 352 10 0 9.234 0.2 0.5050,0.4385 2400 4.32E-003 585.7 77.2 761.9 91.8 25.14 0.19 14.51
100 2017_06_15 10:08:31 374 10 0 9.226 0.1 0.5050,0.4386 2400 4.34E-003 585.7 77.2 761.9 91.8 25.17 0.19 29.07
101 2017_06_15 10:08:31 394 10 0 9.210 0.1 0.5050,0.4386 2401 4.36E-003 585.6 77.3 761.9 91.8 25.17 0.19 32.77
102 2017_06_15 10:08:31 416 10 0 9.213 0.2 0.5049,0.4387 2401 4.38E-003 585.6 77.3 761.9 91.8 25.17 0.19 11.91
103 2017_06_15 10:08:31 438 10 0 9.220 0.1 0.5050,0.4387 2402 4.39E-003 585.6 77.3 761.9 91.8 25.16 0.19 32.71
104 2017_06_15 10:08:31 460 10 0 9.230 0.1 0.5050,0.4387 2401 4.39E-003 585.6 77.3 761.9 91.8 25.14 0.19 29.02
105 2017_06_15 10:08:31 481 10 0 9.205 0.3 0.5050,0.4387 2401 4.38E-003 585.6 77.3 761.9 91.8 25.14 0.19 10.07
106 2017_06_15 10:08:31 502 10 0 9.226 0.3 0.5050,0.4387 2400 4.38E-003 585.6 77.3 761.9 91.8 25.13 0.19 8.43
107 2017_06_15 10:08:31 526 10 0 9.222 0.3 0.5050,0.4387 2400 4.38E-003 585.6 77.3 761.9 91.8 25.14 0.19 9.34
108 2017_06_15 10:08:31 550 10 0 9.223 0.7 0.5050,0.4387 2401 4.39E-003 585.6 77.3 761.9 91.8 25.14 0.19 3.90
109 2017_06_15 10:08:31 575 10 0 9.213 0.1 0.5053,0.4386 2396 4.32E-003 585.7 77.4 761.9 91.7 25.09 0.19 18.66
110 2017_06_15 10:08:31 598 10 0 9.240 0.1 0.5051,0.4387 2400 4.37E-003 585.6 77.3 761.9 91.8 25.12 0.19 21.73
111 2017_06_15 10:08:31 623 10 0 9.223 0.2 0.5051,0.4387 2400 4.37E-003 585.6 77.3 761.9 91.8 25.12 0.19 11.36
112 2017_06_15 10:08:31 647 10 0 9.219 0.3 0.5050,0.4387 2401 4.39E-003 585.6 77.3 761.9 91.8 25.13 0.19 7.92
113 2017_06_15 10:08:31 672 10 0 9.220 0.5 0.5050,0.4387 2401 4.39E-003 585.6 77.3 761.9 91.8 25.14 0.19 4.84
114 2017_06_15 10:08:31 696 10 0 9.240 0.1 0.5051,0.4387 2400 4.38E-003 585.6 77.3 761.9 91.8 25.13 0.19 21.74
115 2017_06_15 10:08:31 720 10 0 9.216 0.3 0.5051,0.4387 2400 4.37E-003 585.6 77.3 761.9 91.8 25.14 0.19 10.46
116 2017_06_15 10:08:31 745 10 0 9.227 0.3 0.5051,0.4387 2400 4.37E-003 585.7 77.3 761.9 91.8 25.13 0.19 8.71
117 2017_06_15 10:08:31 769 10 0 9.215 0.6 0.5051,0.4387 2400 4.37E-003 585.7 77.3 761.9 91.8 25.13 0.19 4.51
118 2017_06_15 10:08:31 792 10 0 9.216 0.4 0.5051,0.4386 2399 4.36E-003 585.7 77.3 761.9 91.8 25.14 0.19 7.47
119 2017_06_15 10:08:31 814 10 0 9.214 0.1 0.5051,0.4387 2399 4.36E-003 585.7 77.3 761.9 91.8 25.14 0.19 29.07
120 2017_06_15 10:08:31 836 10 0 9.215 0.1 0.5051,0.4387 2400 4.37E-003 585.6 77.3 761.9 91.8 25.14 0.19 29.07
121 2017_06_15 10:08:31 858 10 0 9.223 0.3 0.5051,0.4387 2400 4.37E-003 585.6 77.3 761.9 91.8 25.14 0.19 10.05
122 2017_06_15 10:08:31 878 10 0 9.213 0.0 0.5051,0.4387 2399 4.37E-003 585.7 77.3 761.9 91.8 25.13 0.19 130.85
123 2017_06_15 10:08:31 900 10 0 9.209 0.1 0.5051,0.4387 2399 4.38E-003 585.6 77.3 761.9 91.8 25.13 0.19 29.09
124 2017_06_15 10:08:31 920 10 0 9.208 0.3 0.5052,0.4387 2399 4.38E-003 585.7 77.3 761.9 91.8 25.13 0.19 10.47
125 2017_06_15 10:08:31 940 10 0 9.215 0.3 0.5051,0.4387 2399 4.37E-003 585.7 77.3 761.9 91.8 25.13 0.19 10.46
126 2017_06_15 10:08:31 960 10 0 9.239 0.3 0.5058,0.4377 2386 4.05E-003 585.8 77.2 761.9 92.5 24.96 0.19 10.36
127 2017_06_15 10:08:31 983 10 0 9.213 0.3 0.5103,0.4227 2235 -8.16E-004 588.3 74.1 761.9 92.8 19.47 0.18 7.42
128 2017_06_15 10:08:32 006 10 0 9.224 0.4 0.5531,0.4052 1769 -4.05E-003 593.7 81.6 761.9 84.9 9.83 0.10 2.66
129 2017_06_15 10:08:32 029 255 0 9.220 0.7 0.5504,0.3983 1748 -6.22E-003 594.8 78.7 762.3 70.0 7.20 0.07 0.99
130 2017_06_15 10:08:32 052 10 0 9.212 0.2 0.5379,0.4071 1891 -4.65E-003 592.5 77.6 761.1 84.9 5.48 0.05 2.21
131 2017_06_15 10:08:32 074 10 0 9.212 0.1 0.5351,0.4112 1938 -3.62E-003 591.7 78.0 724.6 81.7 4.92 0.05 6.08
132 2017_06_15 10:08:32 098 10 0 9.233 0.3 0.5340,0.4114 1949 -3.61E-003 591.6 77.8 719.2 82.4 4.78 0.04 1.36
133 2017_06_15 10:08:32 121 10 0 9.209 0.1 0.5345,0.4119 1948 -3.44E-003 591.5 78.1 719.1 81.8 4.79 0.04 3.74
134 2017_06_15 10:08:32 146 10 0 9.224 0.3 0.5316,0.4175 2006 -1.94E-003 590.5 78.9 719.0 85.1 4.97 0.04 1.34
135 2017_06_15 10:08:32 169 10 0 9.233 0.8 0.5184,0.4387 2263 4.20E-003 586.6 81.3 764.1 89.9 7.00 0.05 0.85
136 2017_06_15 10:08:32 194 10 0 9.209 0.2 0.5214,0.4349 2208 3.03E-003 587.3 81.1 764.0 92.9 6.70 0.05 3.09
137 2017_06_15 10:08:32 219 10 0 9.212 0.2 0.5244,0.4276 2133 8.60E-004 588.5 79.8 763.9 91.4 6.15 0.05 2.54
138 2017_06_15 10:08:32 242 10 0 9.206 0.2 0.5193,0.4238 2156 -3.78E-004 588.7 77.1 761.2 71.1 5.30 0.05 2.91
139 2017_06_15 10:08:32 268 10 0 9.233 0.3 0.5263,0.4167 2046 -2.39E-003 590.3 77.0 761.1 73.8 4.93 0.04 1.29
140 2017_06_15 10:08:32 291 10 0 9.217 0.4 0.5251,0.4128 2031 -3.63E-003 590.8 75.5 761.0 68.3 4.44 0.04 1.01
141 2017_06_15 10:08:32 315 10 0 9.236 0.1 0.5247,0.4110 2024 -4.18E-003 591.1 74.8 761.1 71.8 4.27 0.04 3.54
142 2017_06_15 10:08:32 340 255 0 9.202 0.3 0.4684,0.4266 2767 2.32E-003 584.1 62.6 761.2 92.6 2.76 0.02 0.56
143 2017_06_15 10:08:32 364 255 0 9.214 0.3 0.4724,0.4291 2730 2.88E-003 584.2 64.6 764.0 78.2 2.90 0.02 0.71
144 2017_06_15 10:08:32 389 255 0 9.213 0.5 0.4829,0.4245 2556 4.81E-004 585.8 66.4 764.0 80.3 3.01 0.02 0.45
145 2017_06_15 10:08:32 413 255 0 9.209 0.2 0.4735,0.4279 2706 2.37E-003 584.4 64.6 764.0 94.0 2.90 0.02 1.08
146 2017_06_15 10:08:32 434 255 0 9.228 0.1 0.4770,0.4248 2636 9.88E-004 585.2 64.7 761.1 94.1 2.80 0.02 2.44
147 2017_06_15 10:08:32 456 255 0 9.213 0.3 0.4813,0.4230 2565 4.22E-005 585.9 65.4 761.1 90.8 2.82 0.02 0.79
148 2017_06_15 10:08:32 478 255 0 9.227 0.1 0.4847,0.4219 2515 -5.09E-004 586.4 66.1 761.1 87.3 2.85 0.02 1.82
149 2017_06_15 10:08:32 498 255 0 9.221 0.1 0.4891,0.4235 2473 -1.72E-004 586.5 67.9 761.1 85.9 2.88 0.02 2.54
150 2017_06_15 10:08:32 518 255 0 9.203 0.1 0.4933,0.4222 2415 -7.38E-004 587.0 68.8 761.3 85.5 2.89 0.02 1.71
151 2017_06_15 10:08:32 542 255 0 9.228 0.1 0.4953,0.4221 2391 -8.30E-004 587.2 69.4 761.3 85.7 2.85 0.02 1.83
152 2017_06_15 10:08:32 566 255 0 9.225 0.3 0.4932,0.4223 2417 -7.07E-004 587.0 68.8 761.5 86.5 2.85 0.02 0.59
153 2017_06_15 10:08:32 590 255 0 9.222 0.6 0.4939,0.4220 2407 -8.37E-004 587.1 68.9 761.5 84.1 2.78 0.02 0.33
154 2017_06_15 10:08:32 614 255 0 9.223 0.1 0.4948,0.4202 2383 -1.47E-003 587.5 68.7 761.3 83.2 2.75 0.02 1.73
155 2017_06_15 10:08:32 637 255 0 9.219 0.0 0.4986,0.4188 2331 -2.04E-003 588.0 69.3 761.3 83.3 2.72 0.02 18.67
156 2017_06_15 10:08:32 662 10 0 9.233 0.1 0.5016,0.4183 2295 -2.23E-003 588.3 70.1 761.3 82.5 2.64 0.02 1.48
157 2017_06_15 10:08:32 686 10 0 9.215 0.3 0.5024,0.4182 2286 -2.26E-003 588.4 70.3 761.5 81.7 2.61 0.02 0.58
158 2017_06_15 10:08:32 710 10 0 9.213 0.5 0.5026,0.4163 2270 -2.89E-003 588.7 69.8 761.4 80.3 2.60 0.02 0.38
159 2017_06_15 10:08:32 736 10 0 9.230 0.1 0.5029,0.4156 2262 -3.14E-003 588.9 69.7 761.6 80.2 2.59 0.02 2.45
160 2017_06_15 10:08:32 761 10 0 9.240 0.1 0.5049,0.4137 2228 -3.75E-003 589.3 69.7 761.3 80.9 2.54 0.02 1.67
161 2017_06_15 10:08:32 787 10 0 9.219 0.3 0.5054,0.4131 2219 -3.95E-003 589.4 69.7 761.4 80.6 2.54 0.02 0.56
162 2017_06_15 10:08:32 810 10 0 9.215 0.5 0.5059,0.4129 2212 -4.03E-003 589.5 69.8 761.4 79.6 2.54 0.02 0.33
163 2017_06_15 10:08:32 835 10 0 9.205 0.1 0.5030,0.4131 2243 -3.95E-003 589.3 69.0 761.4 79.2 2.52 0.02 1.18
164 2017_06_15 10:08:32 859 10 0 9.223 0.3 0.5035,0.4122 2232 -4.26E-003 589.5 68.8 761.4 79.1 2.53 0.02 0.52
165 2017_06_15 10:08:32 884 10 0 9.225 0.2 0.5042,0.4114 2219 -4.52E-003 589.6 68.8 761.4 79.7 2.53 0.02 0.92
166 2017_06_15 10:08:32 908 10 0 9.232 0.7 0.5091,0.4092 2154 -5.20E-003 590.4 69.6 761.4 82.0 2.56 0.02 0.23
167 2017_06_15 10:08:32 932 10 0 9.213 0.2 0.5067,0.4103 2187 -4.87E-003 590.0 69.2 761.5 80.8 2.53 0.02 0.69
168 2017_06_15 10:08:32 956 10 0 9.211 0.1 0.5074,0.4100 2177 -4.96E-003 590.1 69.3 761.5 80.5 2.50 0.02 1.36
169 2017_06_15 10:08:32 980 10 0 9.206 0.1 0.5094,0.4088 2149 -5.32E-003 590.5 69.6 761.5 79.9 2.47 0.02 1.78
170 2017_06_15 10:08:33 005 10 0 9.220 0.3 0.5114,0.4100 2139 -4.88E-003 590.4 70.6 761.4 79.5 2.42 0.02 0.51
171 2017_06_15 10:08:33 031 10 0 9.216 0.7 0.5120,0.4086 2122 -5.33E-003 590.7 70.3 761.4 78.2 2.42 0.02 0.22
172 2017_06_15 10:08:33 059 10 0 9.213 0.1 0.5247,0.4011 1960 -7.21E-003 592.8 71.9 651.6 83.0 2.48 0.02 1.24
173 2017_06_15 10:08:33 082 255 0 9.240 0.3 0.6379,0.3394 1029 8.28E-003 612.7 87.3 649.0 31.1 3.78 0.04 1.07
174 2017_06_15 10:08:33 106 255 0 9.227 0.4 0.6673,0.3264 1001 -3.27E-002 617.9 92.1 651.5 40.0 5.43 0.05 1.30
175 2017_06_15 10:08:33 128 255 0 9.204 0.7 0.6495,0.3371 1001 -8.74E-003 613.5 90.0 651.6 44.2 4.62 0.04 0.57
176 2017_06_15 10:08:33 151 255 0 9.209 0.2 0.6057,0.3628 1261 8.34E-003 604.8 84.7 649.5 54.8 3.51 0.03 1.44
177 2017_06_15 10:08:33 174 255 0 9.234 0.1 0.5887,0.3724 1386 8.58E-003 601.9 82.5 655.0 61.5 3.28 0.02 2.74
178 2017_06_15 10:08:33 198 255 0 9.209 0.3 0.5800,0.3769 1453 8.65E-003 600.5 81.2 654.9 62.5 3.19 0.02 0.88
179 2017_06_15 10:08:33 220 255 0 9.213 0.1 0.5588,0.3884 1637 -8.17E-003 597.1 78.3 654.8 69.5 2.95 0.02 1.76
180 2017_06_15 10:08:33 244 255 0 9.221 0.3 0.5528,0.3911 1690 -8.04E-003 596.3 77.3 655.5 74.1 2.89 0.02 0.60
181 2017_06_15 10:08:33 267 255 0 9.211 0.7 0.5446,0.3949 1769 -7.70E-003 595.1 76.0 655.5 75.6 2.79 0.02 0.27
182 2017_06_15 10:08:33 290 255 0 9.209 0.3 0.5390,0.3976 1825 -7.36E-003 594.3 75.1 655.5 77.7 2.71 0.02 0.55
183 2017_06_15 10:08:33 313 10 0 9.221 0.1 0.5327,0.4012 1896 -6.72E-003 593.3 74.3 761.5 87.8 2.63 0.02 1.61
184 2017_06_15 10:08:33 337 10 0 9.230 0.2 0.5343,0.4000 1876 -6.98E-003 593.6 74.4 647.6 85.0 2.61 0.02 1.03
185 2017_06_15 10:08:33 359 255 0 9.213 0.1 0.5363,0.3955 1833 -8.19E-003 594.6 73.7 761.4 85.0 2.49 0.02 3.24
186 2017_06_15 10:08:33 380 255 0 9.217 0.3 0.5299,0.4000 1910 -7.28E-003 593.4 73.1 761.4 84.5 2.44 0.02 0.58
187 2017_06_15 10:08:33 401 255 0 9.206 0.4 0.5327,0.3985 1879 -7.53E-003 593.8 73.5 655.4 82.2 2.45 0.02 0.45
188 2017_06_15 10:08:33 422 255 0 9.230 0.3 0.5333,0.3985 1874 -7.50E-003 593.8 73.7 655.4 80.6 2.45 0.02 0.46
189 2017_06_15 10:08:33 442 10 0 9.209 0.4 0.5280,0.4009 1931 -7.12E-003 593.1 72.8 761.4 83.1 2.39 0.02 0.43
190 2017_06_15 10:08:33 461 10 0 9.221 0.4 0.5314,0.4003 1901 -7.08E-003 593.4 73.6 761.4 81.6 2.42 0.02 0.44
191 2017_06_15 10:08:33 480 10 0 9.216 0.4 0.5303,0.4008 1912 -7.01E-003 593.2 73.4 655.4 81.7 2.39 0.01 0.43
192 2017_06_15 10:08:33 499 10 0 9.213 0.3 0.5315,0.4007 1902 -6.96E-003 593.3 73.8 655.3 78.9 2.39 0.01 0.56
193 2017_06_15 10:08:33 518 10 0 9.230 0.3 0.5320,0.4009 1900 -6.87E-003 593.3 74.0 655.3 78.5 2.38 0.01 0.52
194 2017_06_15 10:08:33 538 255 0 9.219 0.1 0.5874,0.3695 1379 9.51E-003 602.6 81.2 655.1 49.1 2.74 0.02 1.45
195 2017_06_15 10:08:33 560 255 0 9.216 0.3 0.6472,0.3362 1001 -8.57E-003 613.9 89.1 651.9 34.0 3.74 0.03 1.19
196 2017_06_15 10:08:33 583 255 0 9.216 0.3 0.6561,0.3403 1001 -9.39E-003 612.3 93.0 649.5 51.0 5.44 0.05 1.61
197 2017_06_15 10:08:33 604 255 0 9.213 0.5 0.6404,0.3609 1109 2.78E-003 605.9 94.5 652.1 54.8 7.23 0.06 1.35
198 2017_06_15 10:08:33 625 255 0 9.243 0.7 0.6244,0.3684 1205 3.86E-003 603.7 92.0 653.4 57.1 5.38 0.05 0.65
199 2017_06_15 10:08:33 645 255 0 9.218 0.7 0.5568,0.3909 1663 -7.66E-003 596.5 78.5 719.1 46.9 2.70 0.02 0.25
200 2017_06_15 10:08:33 667 255 0 9.219 0.6 0.5491,0.3841 1676 -1.04E-002 597.6 74.1 719.1 66.7 2.38 0.02 0.27
201 2017_06_15 10:08:33 688 255 0 9.215 0.4 0.5379,0.3926 1803 -8.93E-003 595.2 73.3 719.1 71.2 2.38 0.02 0.43
202 2017_06_15 10:08:33 710 255 0 9.213 0.3 0.5396,0.3934 1796 -8.56E-003 595.2 74.0 719.1 76.3 2.41 0.02 0.51
203 2017_06_15 10:08:33 733 255 0 9.206 0.1 0.5387,0.3949 1811 -8.18E-003 594.8 74.2 719.1 73.5 2.44 0.02 1.20
204 2017_06_15 10:08:33 755 255 0 9.224 0.0 0.5329,0.3954 1859 -8.45E-003 594.4 72.6 719.1 74.9 2.33 0.01 0.00
205 2017_06_15 10:08:33 779 255 0 9.210 0.0 0.5305,0.3960 1881 -8.45E-003 594.1 72.1 719.1 75.6 2.30 0.01 7.06
206 2017_06_15 10:08:33 803 255 0 9.230 0.3 0.5256,0.3961 1920 -8.72E-003 593.9 70.6 719.1 73.5 2.23 0.01 0.46
207 2017_06_15 10:08:33 828 255 0 9.209 0.7 0.5271,0.3974 1916 -8.22E-003 593.7 71.5 719.1 74.4 2.29 0.01 0.19
208 2017_06_15 10:08:33 851 255 0 9.224 0.3 0.5235,0.3977 1948 -8.34E-003 593.4 70.5 719.1 74.1 2.23 0.01 0.49
209 2017_06_15 10:08:33 871 255 0 9.213 0.1 0.5202,0.3997 1990 -7.87E-003 592.8 70.1 719.1 75.7 2.21 0.01 1.09
210 2017_06_15 10:08:33 890 10 0 9.229 0.1 0.5163,0.4004 2028 -7.81E-003 592.4 69.2 761.7 76.4 2.16 0.01 1.57
211 2017_06_15 10:08:33 911 10 0 9.212 0.1 0.5151,0.4014 2046 -7.54E-003 592.2 69.1 761.7 75.4 2.16 0.01 1.39
212 2017_06_15 10:08:33 931 10 0 9.223 0.1 0.5119,0.4028 2084 -7.22E-003 591.7 68.5 761.7 76.9 2.13 0.01 1.36
213 2017_06_15 10:08:33 956 10 0 9.218 0.1 0.5129,0.4013 2065 -7.66E-003 592.1 68.4 761.7 74.7 2.10 0.01 1.32
214 2017_06_15 10:08:33 980 10 0 9.218 0.1 0.5119,0.4006 2070 -7.91E-003 592.1 67.9 761.7 75.2 2.06 0.01 1.15
215 2017_06_15 10:08:34 004 10 0 9.221 0.3 0.5098,0.4015 2095 -7.70E-003 591.8 67.5 761.7 75.4 2.03 0.01 0.43
216 2017_06_15 10:08:34 025 10 0 9.217 0.7 0.5101,0.4016 2093 -7.65E-003 591.8 67.6 761.7 74.9 2.03 0.01 0.15
217 2017_06_15 10:08:34 046 10 0 9.221 0.7 0.5106,0.4012 2086 -7.75E-003 591.9 67.7 761.8 76.4 2.04 0.01 0.17
218 2017_06_15 10:08:34 069 10 0 9.211 0.4 0.5116,0.4020 2082 -7.47E-003 591.8 68.2 761.8 77.0 2.07 0.01 0.26
219 2017_06_15 10:08:34 094 255 0 9.228 0.1 0.5298,0.3931 1868 -9.38E-003 594.7 71.0 653.7 60.5 2.15 0.01 1.55
220 2017_06_15 10:08:34 120 255 0 9.242 0.3 0.5564,0.3795 1603 1.09E-002 599.0 74.9 647.6 53.6 2.26 0.02 0.46
221 2017_06_15 10:08:34 143 255 0 9.232 0.3 0.5957,0.3596 1292 1.08E-002 605.5 80.7 650.1 31.9 2.58 0.02 0.52
222 2017_06_15 10:08:34 167 255 0 9.216 0.8 0.5898,0.3640 1341 1.06E-002 604.1 80.2 649.4 36.2 2.57 0.02 0.23
223 2017_06_15 10:08:34 190 255 0 9.209 0.2 0.5782,0.3713 1435 1.04E-002 601.8 79.0 649.5 46.0 2.51 0.02 0.82
224 2017_06_15 10:08:34 214 255 0 9.214 0.1 0.5494,0.3871 1691 -9.49E-003 596.9 75.1 655.7 68.3 2.33 0.02 1.20
225 2017_06_15 10:08:34 236 255 0 9.204 0.3 0.5500,0.3870 1686 -9.47E-003 597.0 75.2 655.8 65.9 2.33 0.02 0.47
226 2017_06_15 10:08:34 259 255 0 9.207 0.1 0.5450,0.3896 1734 -9.20E-003 596.2 74.5 655.8 68.5 2.29 0.01 2.80
227 2017_06_15 10:08:34 282 255 0 9.230 0.3 0.5408,0.3917 1777 -8.94E-003 595.6 73.9 655.3 67.0 2.26 0.01 0.49
228 2017_06_15 10:08:34 305 255 0 9.216 0.5 0.5391,0.3921 1791 -8.98E-003 595.4 73.5 655.3 66.9 2.23 0.01 0.27
229 2017_06_15 10:08:34 327 255 0 9.215 0.7 0.5386,0.3925 1798 -8.90E-003 595.3 73.4 655.2 66.8 2.24 0.01 0.20
230 2017_06_15 10:08:34 352 255 0 9.225 0.1 0.5379,0.3926 1803 -8.91E-003 595.2 73.3 655.1 66.6 2.23 0.01 0.95
231 2017_06_15 10:08:34 376 255 0 9.203 0.2 0.5384,0.3920 1796 -9.06E-003 595.4 73.3 655.0 65.8 2.22 0.01 0.89
232 2017_06_15 10:08:34 398 255 0 9.223 0.1 0.5375,0.3920 1803 -9.13E-003 595.3 73.0 655.0 66.0 2.21 0.01 1.31
233 2017_06_15 10:08:34 420 255 0 9.203 0.2 0.5355,0.3929 1823 -9.01E-003 595.0 72.6 654.9 67.6 2.17 0.01 0.61
234 2017_06_15 10:08:34 443 255 0 9.237 0.3 0.5348,0.3937 1833 -8.84E-003 594.8 72.7 655.0 68.4 2.16 0.01 0.43
235 2017_06_15 10:08:34 466 255 0 9.216 0.6 0.5343,0.3939 1838 -8.80E-003 594.8 72.6 654.9 68.2 2.17 0.01 0.20
236 2017_06_15 10:08:34 486 255 0 9.218 0.4 0.5344,0.3943 1840 -8.69E-003 594.7 72.7 654.9 68.2 2.17 0.01 0.30
237 2017_06_15 10:08:34 507 255 0 9.208 0.3 0.5346,0.3943 1838 -8.68E-003 594.7 72.8 654.9 68.6 2.17 0.01 0.40
238 2017_06_15 10:08:34 529 255 0 9.219 0.2 0.5352,0.3941 1833 -8.69E-003 594.8 72.9 654.9 67.5 2.17 0.01 0.64
239 2017_06_15 10:08:34 548 255 0 9.207 0.2 0.5369,0.3932 1814 -8.83E-003 595.1 73.1 654.9 67.2 2.20 0.01 0.87
240 2017_06_15 10:08:34 568 255 0 9.214 0.1 0.5363,0.3936 1822 -8.75E-003 594.9 73.1 654.9 67.1 2.19 0.01 1.00
241 2017_06_15 10:08:34 587 255 0 9.234 0.2 0.5371,0.3931 1812 -8.83E-003 595.1 73.2 654.9 66.5 2.19 0.01 0.72
242 2017_06_15 10:08:34 605 255 0 9.226 0.4 0.5373,0.3931 1811 -8.83E-003 595.1 73.2 654.9 66.9 2.20 0.01 0.33
243 2017_06_15 10:08:34 625 255 0 9.219 0.5 0.5381,0.3927 1802 -8.87E-003 595.2 73.4 654.9 67.3 2.22 0.01 0.25
244 2017_06_15 10:08:34 651 255 0 9.210 0.7 0.5376,0.3927 1806 -8.92E-003 595.2 73.2 654.9 68.1 2.23 0.01 0.20
245 2017_06_15 10:08:34 674 255 0 9.212 0.1 0.5372,0.3928 1810 -8.91E-003 595.2 73.1 654.9 69.3 2.23 0.01 2.68
246 2017_06_15 10:08:34 698 255 0 9.213 0.2 0.5370,0.3928 1812 -8.94E-003 595.1 73.0 654.9 70.4 2.23 0.01 0.58
247 2017_06_15 10:08:34 720 255 0 9.212 0.2 0.5364,0.3929 1816 -8.97E-003 595.1 72.9 655.0 70.9 2.23 0.01 0.58
248 2017_06_15 10:08:34 744 255 0 9.210 0.3 0.5363,0.3928 1816 -8.99E-003 595.1 72.9 655.1 71.0 2.24 0.01 0.41
249 2017_06_15 10:08:34 767 255 0 9.218 0.6 0.5367,0.3923 1811 -9.09E-003 595.2 72.9 655.0 70.6 2.25 0.01 0.23
250 2017_06_15 10:08:34 791 255 0 9.209 0.2 0.5370,0.3924 1809 -9.04E-003 595.2 73.0 655.1 70.7 2.25 0.01 0.90
251 2017_06_15 10:08:34 814 255 0 9.223 0.1 0.5370,0.3925 1810 -9.04E-003 595.2 72.9 655.1 70.7 2.24 0.01 1.22
252 2017_06_15 10:08:34 838 255 0 9.211 0.2 0.5369,0.3925 1810 -9.04E-003 595.2 72.9 655.2 71.4 2.23 0.01 0.70
253 2017_06_15 10:08:34 860 255 0 9.213 0.3 0.5364,0.3928 1816 -8.97E-003 595.1 72.9 655.1 71.5 2.21 0.01 0.42
254 2017_06_15 10:08:34 885 255 0 9.216 0.3 0.5359,0.3928 1820 -9.02E-003 595.1 72.7 655.1 71.9 2.22 0.01 0.41
255 2017_06_15 10:08:34 908 255 0 9.219 0.6 0.5356,0.3932 1824 -8.93E-003 595.0 72.7 655.2 72.1 2.23 0.01 0.24
256 2017_06_15 10:08:34 931 255 0 9.208 0.2 0.5354,0.3933 1826 -8.90E-003 594.9 72.7 655.2 72.2 2.23 0.01 0.74
257 2017_06_15 10:08:34 951 255 0 9.220 0.1 0.5358,0.3934 1824 -8.86E-003 595.0 72.9 655.2 72.5 2.24 0.01 1.35
258 2017_06_15 10:08:34 973 255 0 9.223 0.0 0.5355,0.3936 1827 -8.82E-003 594.9 72.8 655.2 73.2 2.24 0.01 6.72
259 2017_06_15 10:08:34 994 255 0 9.241 0.3 0.5352,0.3937 1831 -8.80E-003 594.9 72.8 655.2 73.6 2.24 0.01 0.46
260 2017_06_15 10:08:35 013 255 0 9.238 0.3 0.5352,0.3937 1831 -8.79E-003 594.9 72.8 655.2 74.0 2.25 0.01 0.42
261 2017_06_15 10:08:35 031 255 0 9.212 0.0 0.5353,0.3937 1830 -8.79E-003 594.9 72.8 655.1 73.7 2.26 0.01 3.40
262 2017_06_15 10:08:35 051 255 0 9.217 0.1 0.5356,0.3932 1824 -8.93E-003 595.0 72.7 655.1 73.6 2.26 0.01 2.28
263 2017_06_15 10:08:35 070 255 0 9.235 0.1 0.5360,0.3933 1822 -8.87E-003 595.0 72.9 655.1 73.9 2.27 0.01 1.96
264 2017_06_15 10:08:35 091 255 0 9.209 0.1 0.5361,0.3933 1821 -8.86E-003 595.0 72.9 655.1 73.8 2.26 0.01 1.37
265 2017_06_15 10:08:35 114 255 0 9.213 0.1 0.5361,0.3935 1822 -8.81E-003 595.0 73.0 655.1 73.7 2.25 0.01 2.26
266 2017_06_15 10:08:35 137 255 0 9.236 0.2 0.5359,0.3935 1824 -8.82E-003 594.9 72.9 655.1 73.4 2.25 0.01 0.90
267 2017_06_15 10:08:35 161 255 0 9.209 0.2 0.5351,0.3938 1832 -8.78E-003 594.8 72.8 655.1 73.9 2.24 0.01 0.56
268 2017_06_15 10:08:35 184 255 0 9.209 0.3 0.5350,0.3937 1832 -8.81E-003 594.9 72.7 655.1 74.0 2.23 0.01 0.42
269 2017_06_15 10:08:35 211 255 0 9.220 0.1 0.5348,0.3938 1834 -8.81E-003 594.8 72.7 655.1 74.2 2.24 0.01 1.12
270 2017_06_15 10:08:35 235 255 0 9.219 0.1 0.5347,0.3937 1834 -8.85E-003 594.9 72.6 655.1 73.9 2.24 0.01 2.24
271 2017_06_15 10:08:35 258 255 0 9.221 0.1 0.5344,0.3936 1836 -8.89E-003 594.8 72.5 655.1 74.1 2.24 0.01 1.12
272 2017_06_15 10:08:35 280 255 0 9.213 0.3 0.5345,0.3935 1834 -8.92E-003 594.9 72.5 655.1 74.1 2.24 0.01 0.54
273 2017_06_15 10:08:35 303 255 0 9.223 0.3 0.5345,0.3935 1834 -8.92E-003 594.9 72.5 655.1 74.2 2.25 0.01 0.42
274 2017_06_15 10:08:35 327 255 0 9.212 0.8 0.5346,0.3933 1832 -8.96E-003 594.9 72.5 655.1 74.3 2.24 0.01 0.18
275 2017_06_15 10:08:35 350 255 0 9.233 0.2 0.5348,0.3932 1830 -9.00E-003 594.9 72.5 655.1 74.2 2.23 0.01 0.89
276 2017_06_15 10:08:35 373 255 0 9.213 0.1 0.5346,0.3930 1830 -9.07E-003 595.0 72.4 655.1 74.3 2.23 0.01 1.48
277 2017_06_15 10:08:35 397 255 0 9.222 0.3 0.5348,0.3929 1828 -9.09E-003 595.0 72.4 655.1 74.5 2.23 0.01 0.51
278 2017_06_15 10:08:35 420 255 0 9.223 0.2 0.5348,0.3928 1827 -9.11E-003 595.0 72.4 655.1 74.5 2.22 0.01 0.78
279 2017_06_15 10:08:35 442 255 0 9.198 0.3 0.5350,0.3926 1825 -9.14E-003 595.1 72.4 655.1 74.7 2.22 0.01 0.39
280 2017_06_15 10:08:35 464 255 0 9.230 0.7 0.5347,0.3927 1828 -9.14E-003 595.0 72.3 655.1 74.5 2.23 0.01 0.19
281 2017_06_15 10:08:35 485 255 0 9.216 0.6 0.5345,0.3923 1827 -9.27E-003 595.1 72.1 655.1 74.3 2.22 0.01 0.21
282 2017_06_15 10:08:35 506 255 0 9.217 0.5 0.5350,0.3922 1823 -9.28E-003 595.2 72.2 655.1 74.0 2.23 0.01 0.30
283 2017_06_15 10:08:35 526 255 0 9.217 0.3 0.5347,0.3923 1825 -9.25E-003 595.1 72.2 655.1 74.1 2.23 0.01 0.44
284 2017_06_15 10:08:35 548 255 0 9.227 0.3 0.5348,0.3924 1825 -9.24E-003 595.1 72.3 655.1 74.0 2.24 0.01 0.50
285 2017_06_15 10:08:35 567 255 0 9.209 0.2 0.5348,0.3922 1824 -9.30E-003 595.2 72.2 655.1 73.9 2.23 0.01 0.66
286 2017_06_15 10:08:35 588 255 0 9.209 0.1 0.5349,0.3922 1823 -9.28E-003 595.2 72.2 655.1 74.0 2.23 0.01 0.95
287 2017_06_15 10:08:35 609 255 0 9.228 0.1 0.5350,0.3921 1822 -9.29E-003 595.2 72.3 655.1 74.1 2.22 0.01 1.10
288 2017_06_15 10:08:35 630 255 0 9.233 0.1 0.5350,0.3921 1822 -9.31E-003 595.2 72.2 655.1 74.3 2.22 0.01 1.47
289 2017_06_15 10:08:35 651 255 0 9.216 0.1 0.5354,0.3916 1816 -9.41E-003 595.3 72.2 655.1 74.2 2.22 0.01 1.20
290 2017_06_15 10:08:35 670 255 0 9.212 0.1 0.5352,0.3918 1818 -9.39E-003 595.3 72.2 655.1 74.9 2.22 0.01 1.20
291 2017_06_15 10:08:35 693 255 0 9.223 0.1 0.5354,0.3918 1818 -9.36E-003 595.3 72.3 655.1 74.7 2.22 0.01 1.10
292 2017_06_15 10:08:35 716 255 0 9.208 0.3 0.5353,0.3918 1818 -9.38E-003 595.3 72.2 655.1 74.6 2.22 0.01 0.43
293 2017_06_15 10:08:35 742 255 0 9.209 0.2 0.5347,0.3918 1822 -9.42E-003 595.2 72.1 655.1 74.6 2.21 0.01 0.66
294 2017_06_15 10:08:35 766 255 0 9.213 0.7 0.5349,0.3918 1821 -9.41E-003 595.3 72.1 655.1 74.6 2.21 0.01 0.18
295 2017_06_15 10:08:35 788 255 0 9.213 0.3 0.5348,0.3919 1822 -9.39E-003 595.2 72.1 655.1 74.8 2.22 0.01 0.46
296 2017_06_15 10:08:35 811 255 0 9.231 0.1 0.5351,0.3918 1820 -9.37E-003 595.2 72.2 655.1 74.7 2.22 0.01 1.47
297 2017_06_15 10:08:35 833 255 0 9.218 0.1 0.5348,0.3921 1823 -9.32E-003 595.2 72.2 655.1 74.6 2.22 0.01 2.65
298 2017_06_15 10:08:35 857 255 0 9.219 0.1 0.5436,0.3821 1700 -1.15E-002 597.8 71.8 655.0 78.3 2.15 0.01 1.56
299 2017_06_15 10:08:35 881 255 0 9.220 0.3 0.5370,0.3892 1790 -9.99E-003 595.9 72.0 655.0 75.7 2.18 0.01 0.43
300 2017_06_15 10:08:35 904 255 0 9.232 0.5 0.5358,0.3909 1809 -9.61E-003 595.5 72.1 655.0 75.0 2.19 0.01 0.25
301 2017_06_15 10:08:35 928 255 0 9.209 0.5 0.5348,0.3919 1822 -9.38E-003 595.2 72.1 655.0 74.6 2.20 0.01 0.27
302 2017_06_15 10:08:35 951 255 0 9.223 0.2 0.5341,0.3924 1831 -9.28E-003 595.1 72.0 655.0 74.1 2.21 0.01 0.87
303 2017_06_15 10:08:35 975 255 0 9.224 0.1 0.5336,0.3927 1836 -9.24E-003 595.0 72.0 655.0 73.8 2.21 0.01 1.88
304 2017_06_15 10:08:35 996 255 0 9.219 0.0 0.5331,0.3932 1843 -9.10E-003 594.9 72.0 655.0 73.8 2.22 0.01 4.42
305 2017_06_15 10:08:36 016 255 0 9.213 0.1 0.5338,0.3925 1833 -9.27E-003 595.0 72.0 655.0 74.4 2.21 0.01 1.09
306 2017_06_15 10:08:36 037 255 0 9.216 0.2 0.5336,0.3925 1835 -9.30E-003 595.0 71.9 655.0 74.1 2.21 0.01 0.59
307 2017_06_15 10:08:36 059 255 0 9.216 0.3 0.5343,0.3919 1827 -9.41E-003 595.2 72.0 655.0 74.3 2.20 0.01 0.48
308 2017_06_15 10:08:36 078 255 0 9.237 0.3 0.5343,0.3917 1825 -9.46E-003 595.2 71.9 655.0 74.4 2.19 0.01 0.44
309 2017_06_15 10:08:36 099 255 0 9.202 0.3 0.5344,0.3915 1823 -9.53E-003 595.3 71.9 655.0 74.3 2.19 0.01 0.40
310 2017_06_15 10:08:36 119 255 0 9.220 0.3 0.5346,0.3913 1820 -9.58E-003 595.3 71.8 655.0 74.5 2.18 0.01 0.40
311 2017_06_15 10:08:36 137 255 0 9.216 0.3 0.5343,0.3914 1823 -9.55E-003 595.3 71.8 655.0 74.6 2.18 0.01 0.39
312 2017_06_15 10:08:36 156 255 0 9.223 0.2 0.5341,0.3915 1825 -9.54E-003 595.3 71.8 655.0 74.8 2.17 0.01 0.58
313 2017_06_15 10:08:36 178 255 0 9.220 0.1 0.5340,0.3914 1825 -9.59E-003 595.3 71.7 655.0 74.6 2.17 0.01 2.12
314 2017_06_15 10:08:36 201 255 0 9.205 0.3 0.5341,0.3911 1823 -9.66E-003 595.3 71.7 655.0 74.4 2.17 0.01 0.42
315 2017_06_15 10:08:36 225 255 0 9.206 0.7 0.5339,0.3913 1825 -9.62E-003 595.3 71.7 655.0 74.2 2.17 0.01 0.17
316 2017_06_15 10:08:36 248 255 0 9.233 0.3 0.5336,0.3916 1829 -9.57E-003 595.2 71.7 655.0 74.2 2.18 0.01 0.49
317 2017_06_15 10:08:36 274 255 0 9.219 0.2 0.5335,0.3917 1831 -9.53E-003 595.2 71.7 655.0 74.1 2.18 0.01 0.67
318 2017_06_15 10:08:36 297 255 0 9.211 0.0 0.5337,0.3915 1828 -9.58E-003 595.2 71.7 655.0 74.2 2.18 0.01 6.38
319 2017_06_15 10:08:36 321 255 0 9.214 0.3 0.5334,0.3917 1831 -9.53E-003 595.2 71.7 655.0 74.1 2.18 0.01 0.44
320 2017_06_15 10:08:36 344 255 0 9.233 0.5 0.5337,0.3916 1829 -9.54E-003 595.2 71.7 655.0 73.9 2.18 0.01 0.28
321 2017_06_15 10:08:36 368 255 0 9.213 0.4 0.5335,0.3918 1831 -9.51E-003 595.2 71.7 654.9 73.9 2.18 0.01 0.36
322 2017_06_15 10:08:36 391 255 0 9.220 0.1 0.5336,0.3917 1830 -9.51E-003 595.2 71.7 654.9 73.9 2.18 0.01 0.98
323 2017_06_15 10:08:36 413 255 0 9.203 0.0 0.5339,0.3918 1829 -9.48E-003 595.2 71.8 654.9 73.6 2.17 0.01 4.25
324 2017_06_15 10:08:36 438 255 0 9.211 0.0 0.5339,0.3915 1827 -9.57E-003 595.3 71.7 654.9 73.6 2.16 0.01 0.00
325 2017_06_15 10:08:36 461 255 0 9.229 0.4 0.5338,0.3914 1827 -9.60E-003 595.3 71.7 654.9 73.6 2.16 0.01 0.36
326 2017_06_15 10:08:36 485 255 0 9.226 0.6 0.5337,0.3915 1829 -9.57E-003 595.2 71.7 654.9 73.7 2.17 0.01 0.20
327 2017_06_15 10:08:36 509 255 0 9.223 0.3 0.5337,0.3914 1828 -9.60E-003 595.3 71.7 654.9 74.0 2.16 0.01 0.45
328 2017_06_15 10:08:36 531 255 0 9.208 0.1 0.5339,0.3914 1826 -9.59E-003 595.3 71.7 654.9 74.0 2.15 0.01 1.25
329 2017_06_15 10:08:36 555 255 0 9.209 0.2 0.5342,0.3913 1823 -9.60E-003 595.3 71.7 654.9 73.7 2.15 0.01 0.62
330 2017_06_15 10:08:36 577 255 0 9.216 0.1 0.5345,0.3912 1820 -9.61E-003 595.3 71.8 654.9 73.8 2.14 0.01 1.38
331 2017_06_15 10:08:36 601 255 0 9.215 0.3 0.5345,0.3910 1819 -9.66E-003 595.4 71.8 655.0 73.8 2.14 0.01 0.44
332 2017_06_15 10:08:36 623 255 0 9.209 0.4 0.5344,0.3911 1820 -9.66E-003 595.4 71.8 654.9 73.6 2.14 0.01 0.35
333 2017_06_15 10:08:36 646 255 0 9.216 0.6 0.5346,0.3910 1818 -9.66E-003 595.4 71.8 654.9 73.7 2.14 0.01 0.19
334 2017_06_15 10:08:36 669 255 0 9.201 0.2 0.5343,0.3912 1822 -9.61E-003 595.3 71.8 654.9 73.7 2.14 0.01 0.54
335 2017_06_15 10:08:36 689 255 0 9.208 0.1 0.5343,0.3913 1822 -9.59E-003 595.3 71.8 654.9 73.9 2.15 0.01 1.56
336 2017_06_15 10:08:36 709 255 0 9.216 0.0 0.5343,0.3912 1821 -9.63E-003 595.3 71.8 654.9 73.7 2.15 0.01 4.16
337 2017_06_15 10:08:36 729 255 0 9.220 0.1 0.5345,0.3910 1819 -9.66E-003 595.4 71.8 654.9 73.9 2.14 0.01 1.03
338 2017_06_15 10:08:36 748 255 0 9.206 0.1 0.5346,0.3909 1818 -9.68E-003 595.4 71.8 654.9 74.0 2.13 0.01 1.02
339 2017_06_15 10:08:36 771 255 0 9.237 0.1 0.5348,0.3909 1816 -9.68E-003 595.4 71.8 654.9 74.0 2.13 0.01 1.11
340 2017_06_15 10:08:36 799 255 0 9.213 0.2 0.5348,0.3908 1816 -9.70E-003 595.4 71.8 654.8 73.5 2.13 0.01 0.58
341 2017_06_15 10:08:36 823 255 0 9.204 0.3 0.5349,0.3908 1815 -9.71E-003 595.5 71.8 654.9 73.4 2.13 0.01 0.36
342 2017_06_15 10:08:36 846 255 0 9.233 0.7 0.5346,0.3907 1816 -9.76E-003 595.5 71.7 654.8 73.5 2.12 0.01 0.17
343 2017_06_15 10:08:36 869 255 0 9.213 0.2 0.5347,0.3907 1816 -9.74E-003 595.5 71.7 654.8 73.3 2.12 0.01 0.61
344 2017_06_15 10:08:36 892 255 0 9.223 0.1 0.5344,0.3908 1819 -9.73E-003 595.4 71.7 654.8 73.4 2.12 0.01 1.22
345 2017_06_15 10:08:36 916 255 0 9.229 0.3 0.5346,0.3910 1818 -9.65E-003 595.4 71.8 654.9 73.5 2.12 0.01 0.45
346 2017_06_15 10:08:36 939 255 0 9.227 0.2 0.5345,0.3911 1819 -9.65E-003 595.4 71.8 654.9 73.4 2.12 0.01 0.60
347 2017_06_15 10:08:36 961 255 0 9.223 0.3 0.5346,0.3910 1818 -9.66E-003 595.4 71.8 654.9 73.5 2.12 0.01 0.38
348 2017_06_15 10:08:36 985 255 0 9.215 0.7 0.5346,0.3910 1818 -9.66E-003 595.4 71.8 654.9 73.4 2.12 0.01 0.17
349 2017_06_15 10:08:37 010 255 0 9.214 0.3 0.5345,0.3910 1819 -9.67E-003 595.4 71.8 654.9 73.3 2.13 0.01 0.37
350 2017_06_15 10:08:37 034 255 0 9.208 0.1 0.5342,0.3911 1822 -9.67E-003 595.4 71.7 654.9 73.3 2.12 0.01 1.35
351 2017_06_15 10:08:37 057 255 0 9.216 0.0 0.5342,0.3911 1822 -9.67E-003 595.4 71.7 654.9 73.5 2.12 0.01 0.00
352 2017_06_15 10:08:37 079 255 0 9.227 0.2 0.5340,0.3911 1823 -9.67E-003 595.3 71.7 654.9 73.4 2.12 0.01 0.55
353 2017_06_15 10:08:37 103 255 0 9.213 0.3 0.5338,0.3914 1827 -9.61E-003 595.3 71.7 654.9 73.2 2.12 0.01 0.37
354 2017_06_15 10:08:37 125 255 0 9.199 0.5 0.5336,0.3914 1828 -9.62E-003 595.3 71.6 654.9 73.2 2.12 0.01 0.23
355 2017_06_15 10:08:37 146 255 0 9.223 0.3 0.5337,0.3914 1828 -9.61E-003 595.3 71.6 654.9 73.0 2.12 0.01 0.36
356 2017_06_15 10:08:37 164 255 0 9.214 0.3 0.5333,0.3915 1831 -9.60E-003 595.2 71.6 654.9 73.3 2.12 0.01 0.43
357 2017_06_15 10:08:37 184 255 0 9.205 0.3 0.5330,0.3916 1834 -9.58E-003 595.2 71.5 654.9 73.2 2.12 0.01 0.39
358 2017_06_15 10:08:37 202 255 0 9.204 0.6 0.5328,0.3916 1836 -9.61E-003 595.2 71.4 654.9 73.3 2.12 0.01 0.19
359 2017_06_15 10:08:37 220 255 0 9.210 0.7 0.5326,0.3918 1838 -9.57E-003 595.1 71.4 654.9 73.4 2.13 0.01 0.17
360 2017_06_15 10:08:37 239 255 0 9.231 0.4 0.5325,0.3919 1840 -9.54E-003 595.1 71.4 654.9 73.2 2.13 0.01 0.33
361 2017_06_15 10:08:37 261 255 0 9.210 0.3 0.5325,0.3918 1840 -9.57E-003 595.1 71.4 654.9 73.0 2.12 0.01 0.36
362 2017_06_15 10:08:37 284 255 0 9.206 0.7 0.5324,0.3917 1839 -9.61E-003 595.1 71.4 654.9 72.9 2.12 0.01 0.17
363 2017_06_15 10:08:37 308 255 0 9.210 0.3 0.5323,0.3916 1840 -9.64E-003 595.1 71.3 654.9 72.8 2.12 0.01 0.47
364 2017_06_15 10:08:37 331 255 0 9.214 0.1 0.5322,0.3914 1839 -9.70E-003 595.2 71.2 654.9 72.7 2.12 0.01 1.01
365 2017_06_15 10:08:37 354 255 0 9.215 0.4 0.5326,0.3918 1838 -9.58E-003 595.1 71.4 654.9 72.8 2.11 0.01 0.34
366 2017_06_15 10:08:37 377 255 0 9.217 0.1 0.5325,0.3918 1839 -9.58E-003 595.1 71.4 654.9 72.9 2.11 0.01 1.72
367 2017_06_15 10:08:37 400 255 0 9.230 0.3 0.5324,0.3917 1840 -9.61E-003 595.1 71.3 654.9 73.0 2.11 0.01 0.44
368 2017_06_15 10:08:37 423 255 0 9.216 0.5 0.5326,0.3917 1838 -9.61E-003 595.1 71.4 654.9 73.1 2.10 0.01 0.27
369 2017_06_15 10:08:37 446 255 0 9.222 0.6 0.5324,0.3916 1838 -9.64E-003 595.2 71.3 654.9 73.3 2.11 0.01 0.22
370 2017_06_15 10:08:37 470 255 0 9.214 0.1 0.5325,0.3915 1838 -9.67E-003 595.2 71.3 654.9 73.2 2.11 0.01 1.50
371 2017_06_15 10:08:37 492 255 0 9.210 0.1 0.5323,0.3916 1840 -9.65E-003 595.1 71.3 654.9 73.3 2.11 0.01 1.51
372 2017_06_15 10:08:37 515 255 0 9.210 0.2 0.5324,0.3917 1839 -9.62E-003 595.1 71.3 654.9 73.3 2.11 0.01 0.57
373 2017_06_15 10:08:37 539 255 0 9.222 0.2 0.5326,0.3917 1838 -9.60E-003 595.1 71.4 654.9 73.1 2.11 0.01 0.57
374 2017_06_15 10:08:37 563 255 0 9.209 0.4 0.6472,0.3312 1001 -1.28E-002 616.1 87.6 654.6 30.2 3.17 0.03 0.56
375 2017_06_15 10:08:37 588 255 0 9.216 0.4 0.6587,0.3498 1001 -2.14E-003 609.2 96.6 653.2 66.5 10.14 0.09 2.25
376 2017_06_15 10:08:37 609 255 0 9.212 0.1 0.6461,0.3631 1096 1.25E-003 605.4 96.9 652.7 64.7 12.83 0.11 14.25
377 2017_06_15 10:08:37 630 255 0 9.206 0.1 0.6132,0.3800 1306 3.00E-003 600.9 92.1 652.6 57.2 14.97 0.14 15.16
378 2017_06_15 10:08:37 649 255 0 9.206 0.1 0.6112,0.3830 1329 2.59E-003 600.2 92.4 652.0 59.4 15.14 0.13 17.05
379 2017_06_15 10:08:37 668 255 0 9.215 0.1 0.6056,0.3825 1352 3.57E-003 600.1 90.6 653.7 60.4 15.28 0.14 17.20
380 2017_06_15 10:08:37 688 255 0 9.217 0.1 0.6052,0.3844 1363 3.17E-003 599.7 91.0 654.6 61.8 15.22 0.14 12.84
381 2017_06_15 10:08:37 707 255 0 9.210 0.2 0.6045,0.3853 1371 3.06E-003 599.5 91.1 654.6 62.6 15.31 0.14 10.34
382 2017_06_15 10:08:37 727 255 0 9.214 0.1 0.6023,0.3868 1388 3.02E-003 599.1 90.9 651.7 63.3 15.43 0.14 15.65
383 2017_06_15 10:08:37 746 255 0 9.211 0.2 0.5970,0.3899 1430 3.02E-003 598.3 90.2 652.0 64.8 15.57 0.14 9.88
384 2017_06_15 10:08:37 765 255 0 9.215 0.2 0.5921,0.3935 1472 2.81E-003 597.5 89.8 654.4 69.6 16.15 0.15 7.46
385 2017_06_15 10:08:37 783 255 0 9.209 0.3 0.5854,0.3953 1517 3.23E-003 596.9 88.4 654.5 69.7 16.11 0.15 5.46
386 2017_06_15 10:08:37 802 255 0 9.226 0.6 0.5776,0.3958 1563 4.04E-003 596.4 86.2 654.4 72.2 16.62 0.15 2.73
387 2017_06_15 10:08:37 824 255 0 9.215 0.7 0.5764,0.3941 1562 4.62E-003 596.7 85.3 654.5 72.1 16.80 0.16 2.48
388 2017_06_15 10:08:37 846 255 0 9.199 0.5 0.5825,0.3913 1513 4.60E-003 597.5 86.3 652.4 69.1 16.97 0.16 3.40
389 2017_06_15 10:08:37 869 255 0 9.229 0.2 0.5852,0.3726 1405 9.03E-003 601.7 81.5 762.2 57.3 9.25 0.12 5.25
390 2017_06_15 10:08:37 893 255 0 9.207 0.1 0.5109,0.3960 2047 -9.46E-003 593.0 66.2 762.2 80.3 3.88 0.04 3.47
391 2017_06_15 10:08:37 917 10 0 9.201 0.1 0.5223,0.4078 2023 -5.27E-003 591.5 73.2 764.6 76.2 2.43 0.02 1.94
392 2017_06_15 10:08:37 942 10 0 9.214 0.3 0.5178,0.4035 2035 -6.79E-003 592.0 70.5 764.6 82.9 2.09 0.01 0.41
393 2017_06_15 10:08:37 966 10 0 9.220 0.7 0.5127,0.4034 2081 -6.98E-003 591.6 69.0 764.6 71.0 2.03 0.01 0.15
394 2017_06_15 10:08:37 989 255 0 9.221 0.2 0.5239,0.3989 1952 -7.94E-003 593.2 70.9 764.6 72.3 1.99 0.01 0.59
395 2017_06_15 10:08:38 022 255 0 9.208 0.1 0.5202,0.3956 1962 -9.18E-003 593.6 68.9 764.6 69.8 2.04 0.01 1.62
396 2017_06_15 10:08:38 046 255 0 9.226 0.7 0.5143,0.3981 2031 -8.64E-003 592.8 67.8 764.7 72.4 1.99 0.01 0.15
397 2017_06_15 10:08:38 070 255 0 9.196 0.2 0.5120,0.3957 2036 -9.51E-003 593.1 66.4 764.7 75.6 1.99 0.01 0.63
398 2017_06_15 10:08:38 095 255 0 9.221 0.1 0.5100,0.3974 2066 -9.01E-003 592.6 66.3 764.7 78.2 2.00 0.01 1.21
399 2017_06_15 10:08:38 118 255 0 9.213 0.2 0.5188,0.3949 1970 -9.45E-003 593.7 68.3 764.7 76.5 2.05 0.01 0.76
400 2017_06_15 10:08:38 140 255 0 9.208 0.3 0.6203,0.3456 1122 1.01E-002 610.4 83.8 654.8 29.9 2.91 0.02 0.67
401 2017_06_15 10:08:38 163 255 0 9.236 0.7 0.6209,0.3813 1277 1.47E-003 600.8 94.8 652.0 74.6 10.16 0.08 1.52
402 2017_06_15 10:08:38 187 255 0 9.223 0.5 0.6012,0.3927 1422 1.75E-003 597.9 92.3 653.2 65.0 14.30 0.12 2.67
403 2017_06_15 10:08:38 210 255 0 9.214 0.1 0.6031,0.3892 1396 2.33E-003 598.7 91.8 653.4 66.3 12.45 0.11 9.55
404 2017_06_15 10:08:38 234 255 0 9.220 0.2 0.5967,0.3532 1257 1.23E-002 607.5 79.0 724.4 47.3 3.46 0.04 1.78
405 2017_06_15 10:08:38 258 5 0 9.216 0.1 0.4635,0.3652 2332 -2.10E-002 598.4 42.7 764.6 49.5 1.62 0.01 1.13
406 2017_06_15 10:08:38 282 5 0 9.221 0.3 0.4920,0.3726 2064 -1.80E-002 597.7 53.5 764.6 92.2 1.81 0.01 0.28
407 2017_06_15 10:08:38 304 255 0 9.207 0.6 0.5163,0.3778 1880 -1.51E-002 597.6 62.3 764.6 81.2 2.04 0.01 0.19
408 2017_06_15 10:08:38 325 255 0 9.212 0.5 0.5194,0.3818 1880 -1.36E-002 596.7 64.5 764.6 75.4 2.20 0.02 0.26
409 2017_06_15 10:08:38 345 255 0 9.215 0.3 0.5242,0.3861 1868 -1.19E-002 595.9 67.2 764.6 75.8 2.41 0.02 0.57
410 2017_06_15 10:08:38 365 255 0 9.215 0.2 0.5303,0.3753 1754 -1.48E-002 599.0 65.8 764.6 74.0 2.24 0.02 0.67
411 2017_06_15 10:08:38 383 255 0 9.219 0.3 0.5310,0.3848 1808 -1.18E-002 596.6 68.8 764.7 73.0 2.45 0.02 0.48
412 2017_06_15 10:08:38 403 255 0 9.218 0.4 0.5403,0.3844 1737 -1.12E-002 597.1 71.5 764.7 62.9 2.62 0.02 0.45
413 2017_06_15 10:08:38 423 255 0 9.219 0.7 0.6179,0.3482 1144 9.87E-003 609.4 83.9 653.4 41.5 3.71 0.04 0.40
414 2017_06_15 10:08:38 444 255 0 9.209 0.4 0.6055,0.3908 1392 1.62E-003 598.5 93.0 652.1 75.2 12.28 0.10 2.78
415 2017_06_15 10:08:38 465 255 0 9.211 0.3 0.5743,0.3698 1449 1.13E-002 602.1 77.3 718.4 48.7 3.36 0.03 0.85
416 2017_06_15 10:08:38 485 255 0 9.219 0.3 0.5232,0.3993 1961 -7.87E-003 593.1 70.8 718.4 69.1 2.86 0.02 0.81
417 2017_06_15 10:08:38 510 10 0 9.226 0.2 0.5168,0.4018 2033 -7.35E-003 592.2 69.7 764.7 70.6 2.82 0.02 1.04
418 2017_06_15 10:08:38 534 5 0 9.213 0.2 0.4920,0.3967 2241 -9.55E-003 591.5 60.7 764.3 52.5 2.29 0.01 0.88
419 2017_06_15 10:08:38 566 5 0 9.211 0.1 0.4818,0.3905 2310 -1.17E-002 592.1 55.8 764.3 54.2 2.11 0.01 1.50
420 2017_06_15 10:08:38 590 5 0 9.216 0.1 0.4794,0.3883 2322 -1.24E-002 592.4 54.4 764.3 56.6 2.05 0.01 0.82
421 2017_06_15 10:08:38 614 5 0 9.207 0.1 0.4979,0.3866 2106 -1.30E-002 594.2 59.4 764.3 58.3 2.20 0.02 1.00
422 2017_06_15 10:08:38 638 255 0 9.213 0.2 0.5803,0.3523 1330 1.52E-002 607.6 73.9 650.4 31.4 2.69 0.02 0.96
423 2017_06_15 10:08:38 661 255 0 9.235 0.3 0.6208,0.3810 1276 1.54E-003 600.9 94.7 652.4 72.3 12.30 0.10 3.60
424 2017_06_15 10:08:38 684 10 0 9.217 0.7 0.5495,0.4174 1864 -9.54E-004 591.5 84.2 761.9 87.8 18.47 0.14 2.74
425 2017_06_15 10:08:38 704 10 0 9.216 0.3 0.5275,0.4236 2080 -2.71E-004 589.3 79.5 762.7 93.6 19.66 0.16 6.98
