记录条数   时间  bin号 晶号 电压(V) 反向漏电流(uA) 色坐标(x,y) 相关色温(K) 色差 主波长(nm) 色纯度(%) 峰值波长(nm) 显色性指数 光通量(lm) 辐射通量(mW) 光效 
0 2017_10_23_11:09:54_310 255 0 1.837 1.0 0.3278,0.3874 5457 2.30E-002 554.2 17.9 685.4 0.8 0.64 0.01 0.56
--            --             -- 1 2.769 0.7 0.4474,0.2396 1475 7.16E-002 768.5 36.1 764.0 -60.6 0.26 0.01 0.14
--            --             -- 2 2.439 0.1 0.3798,0.4293 4329 2.30E-002 569.7 42.9 762.4 -611.1 0.64 0.01 2.63
1 2017_10_23_11:09:55_555 255 0 1.835 0.3 0.9937,-0.0041 6923 2.40E-001 767.1 100.0 779.1 非数字 -0.43 0.00 0.00
--            --             -- 1 2.767 0.2 0.5961,0.3503 1248 8.92E-003 604.5 84.0 764.6 -84.1 1.01 0.02 1.52
--            --             -- 2 2.436 0.2 0.3647,0.3451 4241 -1.07E-002 590.0 13.0 763.6 12.6 0.52 0.01 1.13
2 2017_10_23_11:09:55_675 3 0 1.839 0.3 0.4365,0.4918 3526 3.23E-002 572.4 81.9 727.6 -408.7 0.57 0.01 1.76
--            --             -- 1 2.770 0.2 0.0000,0.5037 100000 1.96E-001 498.4 100.0 700.7 非数字 0.05 0.00 0.07
--            --             -- 2 2.435 0.2 0.2974,0.4855 6341 7.08E-002 540.7 36.5 761.1 -229.9 0.22 0.00 0.51
3 2017_10_23_11:09:55_795 255 0 1.837 0.3 0.4723,0.0781 1001 -2.66E-001 609.3 87.1 745.0 -156.5 -0.33 0.01 0.20
--            --             -- 1 2.770 0.2 0.0000,1.0000 8019 2.25E-001 521.1 100.0 701.4 非数字 0.00 0.00 0.00
--            --             -- 2 2.436 0.2 1.0000,0.0000 4759 3.17E-001 768.0 100.0 732.0 非数字 0.00 0.00 0.00
4 2017_10_23_11:09:55_911 255 0 1.838 0.3 0.3421,0.4769 5176 5.17E-002 557.8 49.2 720.4 45.8 0.69 0.01 2.03
--            --             -- 1 2.772 0.3 0.8333,0.0000 3083 6.57E-001 768.0 100.0 678.1 非数字 0.00 0.00 0.00
--            --             -- 2 2.437 0.2 0.4279,0.4410 3433 1.58E-002 576.5 60.9 718.5 66.9 2.31 0.02 5.58
5 2017_10_23_11:09:56_024 255 0 1.836 1.0 0.9937,-0.0041 5308 2.86E-001 767.1 100.0 724.9 非数字 -0.25 0.00 0.11
--            --             -- 1 2.770 1.2 0.4827,0.4494 2686 1.17E-002 581.2 79.8 720.7 -63.1 1.09 0.01 0.33
--            --             -- 2 2.438 1.4 0.4405,0.4402 3216 1.33E-002 578.1 64.4 729.6 33.5 1.82 0.02 0.55
6 2017_10_23_11:09:56_137 3 0 1.837 0.2 0.4096,0.4661 3820 2.90E-002 571.2 66.0 727.6 -199.2 0.03 0.01 1.14
--            --             -- 1 2.771 0.0 0.0000,1.0000 12584 2.02E-001 521.1 100.0 753.9 非数字 0.00 0.00 0.00
--            --             -- 2 2.437 0.1 0.0000,1.0000 9515 2.14E-001 521.1 100.0 725.7 非数字 0.00 0.00 0.00
7 2017_10_23_11:09:56_249 255 0 1.834 0.3 0.3187,0.5024 5683 6.74E-002 551.2 50.2 763.1 -183.5 0.22 0.02 1.32
--            --             -- 1 2.771 0.3 0.1934,0.5486 8601 1.24E-001 513.6 46.2 717.5 38.3 0.64 0.00 0.93
--            --             -- 2 2.437 0.2 0.3240,0.5184 5698 7.12E-002 552.0 53.5 769.5 37.8 1.30 0.01 2.80
8 2017_10_23_11:09:56_366 8 0 1.836 1.6 0.4319,0.3768 2782 -9.55E-003 586.9 45.8 730.9 88.1 1.03 0.01 0.49
--            --             -- 1 2.773 1.2 1.0000,0.0000 5636 2.72E-001 768.0 100.0 743.9 -586.6 0.35 0.00 0.11
--            --             -- 2 2.435 0.5 1.0000,0.0000 5775 2.67E-001 768.0 100.0 709.4 12.5 0.32 0.00 0.28
9 2017_10_23_11:09:56_477 255 0 1.833 0.2 0.2844,0.4080 6862 4.94E-002 517.8 15.8 729.0 33.3 0.52 0.00 2.48
--            --             -- 1 2.771 0.0 0.4460,0.4359 3097 1.09E-002 579.2 64.8 763.5 56.9 1.44 0.01 26.07
--            --             -- 2 2.436 0.1 0.3343,0.4614 5477 4.99E-002 554.8 39.2 726.0 -30.3 1.52 0.00 12.44
10 2017_10_23_11:09:56_590 8 0 1.837 0.2 0.4309,0.3984 2983 -6.63E-004 582.2 52.0 717.7 68.7 2.07 0.02 9.09
--            --             -- 1 2.773 0.2 0.4747,0.4542 2818 1.40E-002 580.0 78.9 764.1 40.0 1.71 0.01 2.57
--            --             -- 2 2.435 0.2 0.4647,0.4885 3172 2.64E-002 576.0 86.2 708.3 59.9 2.61 0.01 5.64
11 2017_10_23_11:09:56_706 255 0 1.837 1.1 0.3666,0.3851 4290 8.04E-003 573.0 28.7 727.2 55.5 0.99 0.00 0.69
--            --             -- 1 2.771 1.4 0.3718,0.5071 4762 5.30E-002 562.8 64.0 762.4 42.5 0.60 0.00 0.15
--            --             -- 2 2.437 1.5 0.4812,0.4331 2590 6.42E-003 583.0 74.5 732.0 68.5 2.39 0.01 0.67
12 2017_10_23_11:09:56_826 255 0 1.836 0.2 0.3915,0.4263 3940 1.84E-002 572.3 48.6 726.6 58.5 2.18 0.02 7.10
--            --             -- 1 2.775 0.0 0.3690,0.4144 4521 2.02E-002 568.7 35.2 702.1 47.6 1.40 0.00 50.62
--            --             -- 2 2.438 0.0 0.4465,0.4771 3362 2.54E-002 575.1 77.3 763.1 47.5 1.80 0.00 0.00
13 2017_10_23_11:09:56_947 255 0 1.835 0.2 0.3933,0.4390 3976 2.29E-002 571.2 53.0 761.1 63.8 1.75 0.01 4.95
--            --             -- 1 2.773 0.0 0.4443,0.4230 3028 6.34E-003 580.7 60.4 762.9 77.7 2.45 0.02 44.23
--            --             -- 2 2.437 0.0 0.4789,0.3805 2229 -1.17E-002 591.7 57.9 728.2 77.2 1.69 0.02 0.00
14 2017_10_23_11:09:57_060 8 0 1.834 0.4 0.4974,0.3459 1785 -2.11E-002 601.3 56.2 725.3 3.2 0.60 0.01 1.34
--            --             -- 1 2.777 0.0 0.3877,0.4499 4255 2.87E-002 569.3 51.5 730.9 1.8 0.74 0.00 6.65
--            --             -- 2 2.436 0.0 0.4600,0.3794 2449 -1.17E-002 590.4 51.9 728.4 80.5 2.49 0.02 0.00
15 2017_10_23_11:09:57_173 3 0 1.837 1.1 0.4435,0.4096 2870 2.12E-003 581.8 59.2 731.4 8.4 0.55 0.01 0.50
--            --             -- 1 2.773 1.5 0.5306,0.5156 2579 2.85E-002 579.0 100.0 750.0 -228.3 0.87 0.01 0.21
--            --             -- 2 2.434 0.6 0.0000,1.0000 8515 2.20E-001 521.1 100.0 724.1 非数字 0.00 0.00 0.00
16 2017_10_23_11:09:57_285 8 0 1.837 0.7 0.4513,0.3062 1912 -3.92E-002 767.1 30.9 763.6 非数字 -0.36 0.00 0.06
--            --             -- 1 2.773 0.9 1.0000,0.0000 4593 3.30E-001 768.0 100.0 752.5 非数字 0.00 0.00 0.00
--            --             -- 2 2.436 1.1 0.9622,0.0000 3509 4.97E-001 768.0 100.0 718.9 非数字 0.00 0.00 0.00
17 2017_10_23_11:09:57_407 255 0 1.836 0.2 -0.0063,0.9959 6565 2.46E-001 520.2 100.0 724.4 非数字 -0.43 0.00 0.00
--            --             -- 1 2.775 0.1 0.9619,0.0000 4285 3.60E-001 768.0 100.0 737.5 非数字 0.00 0.00 0.00
--            --             -- 2 2.438 0.3 0.8135,0.0000 1001 -6.56E-001 768.0 100.0 701.6 非数字 0.00 0.00 0.00
18 2017_10_23_11:09:57_519 255 0 1.837 0.2 0.7908,-0.0041 3008 6.99E-001 767.1 100.0 700.8 非数字 -0.43 0.00 0.00
--            --             -- 1 2.774 0.0 0.7691,0.0000 1001 -6.56E-001 768.0 100.0 761.1 非数字 0.00 0.00 0.00
--            --             -- 2 2.436 0.0 0.7840,0.0000 1001 -6.56E-001 768.0 100.0 762.1 非数字 0.00 0.00 0.00
19 2017_10_23_11:09:57_631 255 0 1.834 0.0 0.9238,-0.0041 3008 6.99E-001 767.1 100.0 690.3 非数字 -0.43 0.00 0.00
--            --             -- 1 2.778 0.2 1.0000,0.0000 6550 2.47E-001 768.0 100.0 725.9 非数字 0.00 0.00 0.00
--            --             -- 2 2.435 0.2 0.9047,0.0000 3770 4.36E-001 768.0 100.0 743.6 非数字 0.00 0.00 0.00
20 2017_10_23_11:09:57_758 255 0 1.835 1.5 0.9897,-0.0041 3374 5.37E-001 767.1 100.0 718.2 非数字 -0.43 0.00 0.00
--            --             -- 1 2.778 1.6 1.0000,0.0000 4683 3.23E-001 768.0 100.0 761.8 非数字 0.00 0.00 0.00
--            --             -- 2 2.435 0.9 0.9906,0.0000 3864 4.19E-001 768.0 100.0 716.9 非数字 0.00 0.00 0.00
21 2017_10_23_11:09:57_886 255 0 1.836 0.2 0.9937,-0.0041 5787 2.67E-001 767.1 100.0 728.0 非数字 -0.43 0.00 0.00
--            --             -- 1 2.776 0.2 0.7898,0.3163 1001 -1.58E-001 614.8 100.0 716.6 4.0 0.39 0.01 0.61
--            --             -- 2 2.438 0.2 0.4707,0.4504 2844 1.31E-002 580.0 76.6 731.3 19.4 0.94 0.01 1.93
22 2017_10_23_11:09:58_006 3 0 1.836 0.2 0.4409,0.4393 3131 1.35E-002 577.6 67.4 700.0 52.0 1.71 0.01 5.30
--            --             -- 1 2.776 0.0 0.4724,0.4320 2692 6.65E-003 582.3 71.5 761.4 90.2 4.19 0.02 150.99
--            --             -- 2 2.437 0.0 0.4752,0.4239 2597 3.64E-003 583.7 69.9 725.7 78.7 5.20 0.04 0.00
23 2017_10_23_11:09:58_119 3 0 1.838 0.2 0.4589,0.4092 2648 5.59E-004 583.4 63.7 687.2 78.4 6.56 0.05 18.11
--            --             -- 1 2.778 0.0 0.4518,0.4310 2972 8.34E-003 580.5 65.0 744.9 82.5 7.84 0.04 0.00
--            --             -- 2 2.436 0.1 0.4535,0.4267 2915 6.57E-003 581.2 64.2 724.1 85.3 8.20 0.04 48.08
24 2017_10_23_11:09:58_231 3 0 1.836 0.3 0.4487,0.4029 2741 -9.22E-004 583.4 58.7 728.0 92.4 9.44 0.07 19.20
--            --             -- 1 2.780 0.2 0.4566,0.4204 2822 3.91E-003 582.4 63.3 763.3 89.3 9.24 0.05 13.85
--            --             -- 2 2.440 0.2 0.4517,0.4251 2930 6.19E-003 581.2 63.2 717.3 90.9 10.69 0.06 21.90
25 2017_10_23_11:09:58_353 3 0 1.835 1.6 0.4343,0.4272 3151 1.00E-002 578.3 61.7 717.8 91.1 10.26 0.06 3.69
--            --             -- 1 2.777 1.3 0.4575,0.4238 2834 5.05E-003 582.0 64.6 760.0 90.5 12.81 0.08 3.60
--            --             -- 2 2.436 0.6 0.4533,0.4204 2871 4.28E-003 582.0 62.3 686.4 93.5 10.69 0.06 7.57
26 2017_10_23_11:09:58_475 3 0 1.837 0.7 0.4464,0.4097 2828 1.85E-003 582.1 60.1 705.3 92.3 11.91 0.07 9.88
--            --             -- 1 2.778 0.9 0.4616,0.4205 2752 3.48E-003 582.9 64.8 725.5 90.3 11.91 0.08 4.76
--            --             -- 2 2.438 1.1 0.4551,0.4208 2847 4.21E-003 582.2 62.9 699.8 93.0 12.15 0.07 4.37
27 2017_10_23_11:09:58_589 3 0 1.838 0.3 0.4348,0.4147 3048 5.20E-003 580.1 58.1 717.1 84.3 10.90 0.06 22.02
--            --             -- 1 2.779 0.3 0.4613,0.4273 2808 5.97E-003 581.9 66.8 687.4 91.2 11.97 0.07 15.96
--            --             -- 2 2.435 0.3 0.4486,0.4232 2964 5.88E-003 581.2 61.7 722.9 91.5 12.15 0.07 17.21
