记录条数   时间  bin号 晶号 电压(V) 反向漏电流(uA) 色坐标(x,y) 相关色温(K) 色差 主波长(nm) 色纯度(%) 峰值波长(nm) 显色性指数 光通量(lm) 辐射通量(mW) 光效 
0 2017_06_15 10:10:35 933 10 0 9.217 0.2 0.5045,0.4338 2372 2.79E-003 586.3 75.7 762.7 93.4 30.42 0.26 14.49
1 2017_06_15 10:10:36 742 10 0 9.204 0.1 0.5050,0.4345 2372 3.03E-003 586.2 76.0 762.0 94.3 29.52 0.24 28.14
2 2017_06_15 10:10:37 608 10 0 9.215 0.0 0.5063,0.4343 2356 2.92E-003 586.3 76.4 762.1 94.3 29.02 0.24 151.88
3 2017_06_15 10:10:39 250 10 0 9.212 0.3 0.5072,0.4342 2346 2.88E-003 586.4 76.6 762.0 93.9 28.57 0.23 11.07
4 2017_06_15 10:10:39 270 10 0 9.225 0.2 0.5069,0.4348 2354 3.07E-003 586.3 76.7 762.1 93.9 28.03 0.22 15.41
5 2017_06_15 10:10:39 290 10 0 9.209 0.2 0.5065,0.4350 2359 3.15E-003 586.2 76.6 762.1 93.9 27.81 0.22 15.31
6 2017_06_15 10:10:39 311 10 0 9.230 0.2 0.5071,0.4345 2349 2.99E-003 586.4 76.7 762.1 93.8 27.52 0.22 12.48
7 2017_06_15 10:10:39 333 10 0 9.229 0.3 0.5072,0.4353 2353 3.22E-003 586.3 76.9 762.1 93.4 27.37 0.22 8.92
8 2017_06_15 10:10:39 352 10 0 9.233 0.3 0.5068,0.4358 2362 3.41E-003 586.1 77.0 762.1 93.1 27.23 0.22 8.34
9 2017_06_15 10:10:39 374 10 0 9.206 0.3 0.5075,0.4357 2354 3.37E-003 586.2 77.1 762.1 93.0 27.07 0.21 8.84
10 2017_06_15 10:10:39 395 10 0 9.216 0.3 0.5073,0.4363 2360 3.57E-003 586.1 77.3 762.1 92.9 26.96 0.21 8.79
11 2017_06_15 10:10:39 416 10 0 9.206 0.3 0.5074,0.4363 2358 3.55E-003 586.1 77.3 762.1 93.1 27.05 0.21 8.31
12 2017_06_15 10:10:39 439 10 0 9.213 0.4 0.5074,0.4363 2358 3.56E-003 586.1 77.3 762.1 93.1 27.01 0.21 7.23
13 2017_06_15 10:10:39 463 10 0 9.216 0.3 0.5076,0.4363 2357 3.56E-003 586.1 77.4 762.1 93.1 27.00 0.21 8.81
14 2017_06_15 10:10:39 499 10 0 9.203 0.1 0.5075,0.4364 2359 3.59E-003 586.1 77.4 762.1 93.1 26.88 0.21 35.12
15 2017_06_15 10:10:39 524 10 0 9.218 0.2 0.5077,0.4367 2358 3.67E-003 586.1 77.5 762.1 92.8 26.99 0.21 12.80
16 2017_06_15 10:10:39 548 10 0 9.200 0.1 0.5078,0.4367 2357 3.67E-003 586.1 77.5 762.0 93.0 26.84 0.21 28.05
17 2017_06_15 10:10:39 572 10 0 9.219 0.0 0.5078,0.4367 2357 3.67E-003 586.1 77.5 762.0 92.9 26.66 0.21 69.51
18 2017_06_15 10:10:39 597 10 0 9.236 0.3 0.5077,0.4369 2360 3.75E-003 586.1 77.6 762.1 92.9 26.65 0.21 8.16
19 2017_06_15 10:10:39 620 10 0 9.199 0.6 0.5078,0.4368 2358 3.71E-003 586.1 77.6 762.1 92.9 26.66 0.21 4.49
20 2017_06_15 10:10:39 645 10 0 9.209 0.2 0.5076,0.4370 2361 3.76E-003 586.1 77.6 762.0 92.9 26.68 0.21 17.41
21 2017_06_15 10:10:39 670 10 0 9.210 0.0 0.5076,0.4370 2362 3.78E-003 586.1 77.6 762.1 92.8 26.64 0.21 278.10
22 2017_06_15 10:10:39 696 10 0 9.219 0.3 0.5077,0.4369 2360 3.76E-003 586.1 77.6 762.1 92.8 26.62 0.21 10.68
23 2017_06_15 10:10:39 721 10 0 9.218 0.7 0.5076,0.4370 2361 3.78E-003 586.1 77.6 762.1 92.8 26.58 0.21 4.26
24 2017_06_15 10:10:39 746 10 0 9.229 0.1 0.5076,0.4370 2362 3.78E-003 586.1 77.6 762.1 92.7 26.62 0.21 25.21
25 2017_06_15 10:10:39 770 10 0 9.215 0.3 0.5076,0.4370 2362 3.78E-003 586.1 77.6 762.0 92.7 26.63 0.21 10.68
26 2017_06_15 10:10:39 794 10 0 9.216 0.2 0.5076,0.4370 2361 3.78E-003 586.1 77.6 762.0 92.7 26.63 0.21 18.52
27 2017_06_15 10:10:39 815 10 0 9.206 0.3 0.5077,0.4370 2360 3.77E-003 586.1 77.6 762.0 92.7 26.63 0.21 8.18
28 2017_06_15 10:10:39 835 10 0 9.216 0.6 0.5077,0.4370 2361 3.77E-003 586.1 77.6 762.1 92.7 26.64 0.21 4.56
29 2017_06_15 10:10:39 855 10 0 9.223 0.6 0.5077,0.4370 2360 3.76E-003 586.1 77.6 762.1 92.7 26.67 0.21 4.56
30 2017_06_15 10:10:39 875 10 0 9.218 0.6 0.5078,0.4369 2359 3.75E-003 586.1 77.6 762.1 92.7 26.69 0.21 4.49
31 2017_06_15 10:10:39 900 10 0 9.219 0.7 0.5077,0.4370 2360 3.76E-003 586.1 77.6 762.1 92.7 26.71 0.21 4.22
32 2017_06_15 10:10:39 923 10 0 9.215 0.2 0.5078,0.4371 2360 3.79E-003 586.1 77.6 762.0 92.6 26.67 0.21 11.59
33 2017_06_15 10:10:39 947 10 0 9.213 0.1 0.5079,0.4371 2359 3.80E-003 586.1 77.7 762.0 92.6 26.65 0.21 27.81
34 2017_06_15 10:10:39 972 10 0 9.226 0.1 0.5079,0.4371 2359 3.80E-003 586.1 77.7 762.0 92.6 26.65 0.21 27.77
35 2017_06_15 10:10:39 996 10 0 9.216 0.3 0.5079,0.4372 2360 3.83E-003 586.1 77.7 762.0 92.5 26.65 0.21 8.43
36 2017_06_15 10:10:40 020 10 0 9.228 0.7 0.5079,0.4373 2360 3.85E-003 586.0 77.7 762.0 92.5 26.64 0.21 4.08
37 2017_06_15 10:10:40 045 10 0 9.218 0.1 0.5079,0.4372 2360 3.84E-003 586.1 77.7 762.0 92.5 26.67 0.21 21.40
38 2017_06_15 10:10:40 070 10 0 9.213 0.2 0.5078,0.4374 2361 3.88E-003 586.0 77.8 761.9 92.2 26.64 0.20 11.59
39 2017_06_15 10:10:40 095 10 0 9.202 0.3 0.5079,0.4374 2360 3.89E-003 586.0 77.8 761.9 92.5 26.67 0.21 10.32
40 2017_06_15 10:10:40 118 10 0 9.216 0.4 0.5079,0.4374 2360 3.89E-003 586.0 77.8 762.0 92.5 26.66 0.21 7.32
41 2017_06_15 10:10:40 143 10 0 9.212 0.4 0.5080,0.4374 2360 3.89E-003 586.0 77.8 761.9 92.5 26.67 0.21 7.14
42 2017_06_15 10:10:40 167 10 0 9.219 0.1 0.5079,0.4374 2361 3.90E-003 586.0 77.8 761.9 92.5 26.67 0.21 23.17
43 2017_06_15 10:10:40 193 10 0 9.216 0.1 0.5080,0.4374 2360 3.91E-003 586.0 77.8 761.9 92.5 26.65 0.20 19.86
44 2017_06_15 10:10:40 215 10 0 9.216 0.3 0.5080,0.4375 2361 3.93E-003 586.0 77.8 762.0 92.4 26.64 0.20 8.97
45 2017_06_15 10:10:40 237 10 0 9.226 0.4 0.5080,0.4375 2360 3.92E-003 586.0 77.8 761.9 92.4 26.64 0.20 6.46
46 2017_06_15 10:10:40 259 10 0 9.215 0.5 0.5085,0.4371 2353 3.80E-003 586.1 77.9 761.9 93.3 26.72 0.21 5.26
47 2017_06_15 10:10:40 280 10 0 9.237 0.3 0.5078,0.4376 2363 3.95E-003 586.0 77.8 761.9 92.1 26.66 0.21 9.57
48 2017_06_15 10:10:40 302 10 0 9.206 0.1 0.5080,0.4374 2360 3.90E-003 586.0 77.8 761.9 92.5 26.71 0.21 21.46
49 2017_06_15 10:10:40 324 10 0 9.214 0.1 0.5080,0.4374 2360 3.90E-003 586.0 77.8 761.9 92.5 26.70 0.21 39.81
50 2017_06_15 10:10:40 345 10 0 9.216 0.1 0.5080,0.4374 2360 3.90E-003 586.0 77.8 761.9 92.5 26.70 0.21 34.82
51 2017_06_15 10:10:40 364 10 0 9.211 0.1 0.5080,0.4374 2360 3.90E-003 586.0 77.8 761.9 92.5 26.71 0.21 55.77
52 2017_06_15 10:10:40 382 10 0 9.213 0.1 0.5080,0.4374 2360 3.90E-003 586.0 77.8 761.9 92.5 26.71 0.21 30.97
53 2017_06_15 10:10:40 406 10 0 9.212 0.1 0.5079,0.4375 2361 3.91E-003 586.0 77.8 761.9 92.4 26.71 0.21 23.23
54 2017_06_15 10:10:40 430 10 0 9.203 0.3 0.5080,0.4375 2361 3.92E-003 586.0 77.8 761.9 92.4 26.68 0.21 10.72
55 2017_06_15 10:10:40 455 10 0 9.214 0.3 0.5080,0.4375 2361 3.93E-003 586.0 77.8 761.9 92.4 26.67 0.21 9.94
56 2017_06_15 10:10:40 479 10 0 9.227 0.7 0.5080,0.4376 2361 3.95E-003 586.0 77.9 761.9 92.4 26.64 0.20 4.02
57 2017_06_15 10:10:40 504 10 0 9.212 0.2 0.5079,0.4373 2360 3.87E-003 586.0 77.8 762.0 92.4 26.68 0.21 13.26
58 2017_06_15 10:10:40 528 10 0 9.227 0.1 0.5079,0.4374 2361 3.91E-003 586.0 77.8 762.0 92.4 26.67 0.21 34.74
59 2017_06_15 10:10:40 552 10 0 9.211 0.0 0.5080,0.4375 2360 3.94E-003 586.0 77.9 762.0 92.4 26.67 0.21 139.20
60 2017_06_15 10:10:40 577 10 0 9.211 0.3 0.5080,0.4375 2360 3.92E-003 586.0 77.8 762.0 92.4 26.67 0.21 8.70
61 2017_06_15 10:10:40 601 10 0 9.222 0.6 0.5080,0.4375 2360 3.93E-003 586.0 77.9 762.0 92.4 26.67 0.21 4.41
62 2017_06_15 10:10:40 625 10 0 9.211 0.1 0.5080,0.4375 2360 3.93E-003 586.0 77.9 762.0 92.4 26.67 0.20 25.31
63 2017_06_15 10:10:40 651 10 0 9.219 0.3 0.5080,0.4375 2360 3.93E-003 586.0 77.9 762.0 92.4 26.67 0.20 11.13
64 2017_06_15 10:10:40 675 10 0 9.218 0.3 0.5080,0.4375 2360 3.94E-003 586.0 77.9 762.0 92.4 26.66 0.20 8.43
65 2017_06_15 10:10:40 701 10 0 9.209 0.7 0.5080,0.4375 2361 3.94E-003 586.0 77.8 762.0 92.4 26.65 0.20 3.86
66 2017_06_15 10:10:40 724 10 0 9.225 0.1 0.5080,0.4375 2360 3.94E-003 586.0 77.9 762.0 92.4 26.65 0.20 23.15
67 2017_06_15 10:10:40 749 10 0 9.203 0.1 0.5081,0.4375 2360 3.93E-003 586.0 77.9 762.0 92.4 26.65 0.20 46.40
68 2017_06_15 10:10:40 779 10 0 9.207 0.7 0.5068,0.4300 2321 1.52E-003 587.0 75.2 762.0 96.8 23.26 0.19 3.31
69 2017_06_15 10:10:40 802 10 0 9.212 0.2 0.5335,0.4039 1906 -5.89E-003 592.8 75.3 767.2 74.2 5.40 0.06 2.65
70 2017_06_15 10:10:40 827 10 0 9.233 0.1 0.5455,0.4023 1806 -5.51E-003 593.8 78.5 767.6 77.0 4.34 0.05 4.52
71 2017_06_15 10:10:40 849 255 0 9.216 0.2 0.5395,0.3939 1799 -8.42E-003 595.1 74.1 719.0 72.2 4.27 0.04 1.77
72 2017_06_15 10:10:40 871 10 0 9.221 0.2 0.5686,0.4079 1681 -1.90E-003 594.0 87.1 654.0 86.5 9.00 0.07 5.41
73 2017_06_15 10:10:40 897 10 0 9.212 0.3 0.5328,0.4226 2028 -3.74E-004 589.8 80.8 762.7 93.0 23.30 0.20 7.33
74 2017_06_15 10:10:40 921 10 0 9.219 0.5 0.5232,0.4279 2146 9.28E-004 588.4 79.5 762.2 95.3 23.76 0.20 5.03
75 2017_06_15 10:10:40 943 10 0 9.213 0.1 0.5229,0.4275 2147 8.19E-004 588.4 79.3 762.4 95.9 23.24 0.20 24.12
76 2017_06_15 10:10:40 964 10 0 9.216 0.1 0.5194,0.4312 2204 1.89E-003 587.7 79.3 762.3 95.2 23.50 0.19 24.39
77 2017_06_15 10:10:40 986 10 0 9.219 0.1 0.5150,0.4333 2260 2.51E-003 587.1 78.6 762.2 94.6 23.91 0.19 49.66
78 2017_06_15 10:10:41 007 10 0 9.221 0.3 0.5141,0.4340 2274 2.74E-003 586.9 78.6 762.2 94.2 24.30 0.19 8.71
79 2017_06_15 10:10:41 028 10 0 9.213 0.1 0.5129,0.4345 2289 2.92E-003 586.8 78.4 762.1 94.3 24.34 0.19 50.62
80 2017_06_15 10:10:41 051 10 0 9.210 0.2 0.5121,0.4350 2300 3.06E-003 586.7 78.3 762.1 94.1 24.10 0.19 12.52
81 2017_06_15 10:10:41 073 10 0 9.223 0.3 0.5125,0.4348 2296 3.00E-003 586.7 78.4 762.1 94.2 24.18 0.19 8.37
82 2017_06_15 10:10:41 096 10 0 9.206 0.3 0.5366,0.4144 1946 -2.59E-003 591.2 79.5 762.1 94.5 15.26 0.15 5.16
83 2017_06_15 10:10:41 119 10 0 9.210 0.7 0.5546,0.4072 1769 -3.39E-003 593.4 82.7 731.5 82.5 7.61 0.07 0.97
84 2017_06_15 10:10:41 141 10 0 9.210 0.3 0.5548,0.4077 1771 -3.23E-003 593.3 82.9 719.5 87.3 6.07 0.05 1.90
85 2017_06_15 10:10:41 165 255 0 9.199 0.1 0.5226,0.3970 1951 -8.62E-003 593.5 70.0 719.1 35.4 2.48 0.01 1.46
86 2017_06_15 10:10:41 190 10 0 9.214 0.3 0.5125,0.4070 2107 -5.85E-003 591.0 70.0 763.8 37.9 2.46 0.02 0.56
87 2017_06_15 10:10:41 216 10 0 9.214 0.3 0.5070,0.4079 2167 -5.64E-003 590.4 68.6 763.5 35.4 2.16 0.01 0.42
88 2017_06_15 10:10:41 241 10 0 9.228 0.7 0.5072,0.4028 2129 -7.33E-003 591.4 67.1 774.0 54.0 2.37 0.02 0.20
89 2017_06_15 10:10:41 266 10 0 9.217 0.1 0.5102,0.4057 2120 -6.31E-003 591.1 68.9 763.5 57.6 2.47 0.02 1.33
90 2017_06_15 10:10:41 290 10 0 9.209 0.2 0.5122,0.4101 2131 -4.85E-003 590.4 70.8 716.2 64.8 2.68 0.02 0.76
91 2017_06_15 10:10:41 315 10 0 9.212 0.2 0.5090,0.4121 2176 -4.24E-003 589.9 70.5 762.8 72.5 2.68 0.02 0.76
92 2017_06_15 10:10:41 341 10 0 9.213 0.8 0.5095,0.4125 2173 -4.13E-003 589.8 70.7 762.4 72.6 2.67 0.02 0.23
93 2017_06_15 10:10:41 362 10 0 9.201 0.2 0.5094,0.4121 2172 -4.25E-003 589.9 70.6 762.7 74.1 2.64 0.02 0.93
94 2017_06_15 10:10:41 384 10 0 9.209 0.1 0.5055,0.4122 2212 -4.25E-003 589.6 69.4 762.9 75.6 2.58 0.02 1.23
95 2017_06_15 10:10:41 406 10 0 9.231 0.0 0.5017,0.4139 2262 -3.69E-003 589.0 68.8 762.8 75.8 2.54 0.02 0.00
96 2017_06_15 10:10:41 427 10 0 9.216 0.3 0.5009,0.4144 2275 -3.51E-003 588.9 68.7 762.8 77.4 2.53 0.02 0.52
97 2017_06_15 10:10:41 449 10 0 9.210 0.1 0.5015,0.4154 2275 -3.21E-003 588.8 69.2 762.8 77.1 2.47 0.01 1.45
98 2017_06_15 10:10:41 470 255 0 9.224 0.2 0.4922,0.4219 2425 -8.19E-004 587.0 68.4 762.9 80.6 2.29 0.01 0.93
99 2017_06_15 10:10:41 491 255 0 9.219 0.3 0.4949,0.4178 2364 -2.30E-003 587.9 68.0 763.0 76.5 2.32 0.01 0.55
100 2017_06_15 10:10:41 513 255 0 9.226 0.3 0.4959,0.4167 2345 -2.70E-003 588.1 67.9 719.3 79.5 2.34 0.01 0.50
101 2017_06_15 10:10:41 535 255 0 9.209 0.3 0.4954,0.4166 2350 -2.70E-003 588.1 67.8 719.3 81.0 2.31 0.01 0.43
102 2017_06_15 10:10:41 556 255 0 9.222 0.6 0.4935,0.4168 2374 -2.59E-003 587.9 67.2 763.0 81.5 2.26 0.01 0.22
103 2017_06_15 10:10:41 579 255 0 9.218 0.6 0.4948,0.4138 2337 -3.64E-003 588.5 66.7 762.7 80.8 2.21 0.01 0.22
104 2017_06_15 10:10:41 600 255 0 9.227 0.4 0.4964,0.4127 2311 -4.05E-003 588.8 66.8 762.5 79.0 2.23 0.01 0.38
105 2017_06_15 10:10:41 621 10 0 9.216 0.2 0.5009,0.4094 2239 -5.19E-003 589.8 67.2 762.5 77.9 2.24 0.01 0.90
106 2017_06_15 10:10:41 642 255 0 9.219 0.1 0.5761,0.3726 1453 1.03E-002 601.4 78.8 654.9 46.1 2.77 0.02 1.60
107 2017_06_15 10:10:41 664 10 0 9.204 0.1 0.5218,0.4392 2233 4.37E-003 586.8 82.5 761.3 93.3 17.34 0.13 19.71
108 2017_06_15 10:10:41 686 10 0 9.203 0.0 0.5093,0.4428 2382 5.57E-003 585.4 79.8 761.8 88.5 24.28 0.17 126.36
109 2017_06_15 10:10:41 707 10 0 9.218 0.3 0.5099,0.4426 2375 5.52E-003 585.5 80.0 761.8 89.4 24.71 0.18 8.56
110 2017_06_15 10:10:41 729 10 0 9.218 0.0 0.5094,0.4412 2370 5.07E-003 585.7 79.4 761.9 90.3 24.79 0.18 64.46
111 2017_06_15 10:10:41 750 10 0 9.223 0.2 0.5095,0.4402 2362 4.75E-003 585.8 79.1 761.9 91.2 24.77 0.18 16.09
112 2017_06_15 10:10:41 772 10 0 9.207 0.3 0.5095,0.4391 2355 4.39E-003 585.9 78.8 761.9 91.3 24.97 0.18 8.39
113 2017_06_15 10:10:41 793 10 0 9.208 0.3 0.5095,0.4391 2356 4.42E-003 585.9 78.8 761.8 91.6 24.99 0.19 8.40
114 2017_06_15 10:10:41 816 10 0 9.209 0.3 0.5097,0.4390 2353 4.36E-003 586.0 78.8 761.9 91.7 24.93 0.19 7.87
115 2017_06_15 10:10:41 837 10 0 9.209 0.7 0.5102,0.4386 2345 4.22E-003 586.0 78.8 761.9 91.9 25.04 0.19 4.01
116 2017_06_15 10:10:41 859 10 0 9.210 0.4 0.5100,0.4378 2341 4.00E-003 586.1 78.5 761.8 92.2 25.11 0.19 6.38
117 2017_06_15 10:10:41 880 10 0 9.219 0.2 0.5174,0.4326 2233 2.33E-003 587.3 79.2 761.8 93.8 25.54 0.20 14.77
118 2017_06_15 10:10:41 902 255 0 9.217 0.1 0.5591,0.3902 1645 -7.63E-003 596.7 78.9 761.8 71.0 19.86 0.21 17.03
119 2017_06_15 10:10:41 922 255 0 9.207 0.1 0.5575,0.3767 1581 1.16E-002 599.7 74.4 762.3 68.4 7.82 0.09 7.40
120 2017_06_15 10:10:41 944 255 0 9.219 0.1 0.5710,0.3796 1517 9.13E-003 599.6 79.3 762.3 71.7 6.73 0.08 6.21
121 2017_06_15 10:10:41 963 255 0 9.222 0.1 0.6048,0.3620 1261 8.68E-003 604.9 84.2 763.9 56.7 7.86 0.09 12.39
122 2017_06_15 10:10:41 984 255 0 9.216 0.1 0.6016,0.3684 1305 7.61E-003 603.2 85.1 763.8 60.6 8.28 0.09 11.27
123 2017_06_15 10:10:42 003 255 0 9.206 0.0 0.5918,0.3789 1402 6.48E-003 600.4 85.3 763.8 66.0 8.20 0.09 0.00
124 2017_06_15 10:10:42 022 255 0 9.224 0.1 0.5666,0.3950 1624 5.52E-003 596.1 82.6 764.2 76.9 7.29 0.07 8.51
125 2017_06_15 10:10:42 043 10 0 9.212 0.1 0.5172,0.4212 2159 -1.23E-003 589.0 75.6 764.1 88.0 5.58 0.05 4.96
126 2017_06_15 10:10:42 064 10 0 9.209 0.1 0.5088,0.4107 2168 -4.72E-003 590.1 70.0 766.9 83.9 4.25 0.04 4.41
127 2017_06_15 10:10:42 085 255 0 9.205 0.0 0.4950,0.4131 2329 -3.90E-003 588.7 66.6 761.5 87.1 3.79 0.03 0.00
128 2017_06_15 10:10:42 109 255 0 9.231 0.0 0.4981,0.4164 2319 -2.82E-003 588.4 68.5 761.4 90.3 3.80 0.03 30.26
129 2017_06_15 10:10:42 132 255 0 9.213 0.1 0.4879,0.4192 2456 -1.59E-003 587.1 66.3 761.4 93.1 3.38 0.03 2.35
130 2017_06_15 10:10:42 156 255 0 9.204 0.3 0.4821,0.4132 2482 -3.46E-003 587.6 62.8 761.4 83.4 3.01 0.02 0.64
131 2017_06_15 10:10:42 180 255 0 9.202 0.6 0.4843,0.4137 2459 -3.38E-003 587.7 63.5 761.4 87.6 3.05 0.02 0.36
132 2017_06_15 10:10:42 205 255 0 9.204 0.1 0.4888,0.4134 2403 -3.65E-003 588.1 64.8 761.4 85.8 3.02 0.02 1.99
133 2017_06_15 10:10:42 230 10 0 9.209 0.3 0.5159,0.4407 2300 4.83E-003 586.2 81.2 763.5 92.1 18.81 0.13 7.16
134 2017_06_15 10:10:42 254 10 0 9.220 0.3 0.5110,0.4421 2360 5.33E-003 585.7 80.1 761.7 90.1 24.16 0.17 9.29
135 2017_06_15 10:10:42 279 10 0 9.203 0.5 0.5106,0.4386 2341 4.25E-003 586.1 79.0 761.8 92.6 25.03 0.19 5.67
136 2017_06_15 10:10:42 302 10 0 9.233 0.3 0.5111,0.4378 2330 3.96E-003 586.2 78.9 761.9 92.8 25.17 0.19 9.02
137 2017_06_15 10:10:42 328 10 0 9.230 0.1 0.5112,0.4377 2329 3.93E-003 586.2 78.8 761.9 91.6 25.29 0.19 37.56
138 2017_06_15 10:10:42 352 10 0 9.220 0.0 0.5113,0.4376 2326 3.91E-003 586.2 78.9 761.9 92.7 24.81 0.19 64.49
139 2017_06_15 10:10:42 373 10 0 9.206 0.3 0.5461,0.4049 1817 -4.71E-003 593.3 79.4 762.0 86.7 12.38 0.11 3.98
140 2017_06_15 10:10:42 395 255 0 9.205 0.4 0.5618,0.3878 1615 7.99E-003 597.4 79.0 761.0 46.3 3.45 0.04 0.68
141 2017_06_15 10:10:42 415 255 0 9.213 0.5 0.5769,0.3815 1494 7.85E-003 599.3 81.6 761.0 52.5 2.87 0.03 0.37
142 2017_06_15 10:10:42 435 255 0 9.216 0.6 0.5862,0.3727 1401 8.85E-003 601.7 81.8 761.0 52.6 2.85 0.02 0.31
143 2017_06_15 10:10:42 456 255 0 9.226 0.7 0.5751,0.3833 1513 7.62E-003 598.9 81.6 654.4 63.3 3.51 0.03 0.37
144 2017_06_15 10:10:42 476 255 0 9.214 0.6 0.5705,0.3886 1567 6.79E-003 597.6 81.8 648.3 76.6 4.83 0.04 0.66
145 2017_06_15 10:10:42 495 255 0 9.212 0.7 0.5680,0.3952 1617 -5.31E-003 596.2 83.1 648.3 77.7 4.92 0.04 0.61
146 2017_06_15 10:10:42 514 255 0 9.212 0.4 0.5500,0.3990 1755 -6.07E-003 594.6 78.8 762.8 72.1 4.18 0.04 0.91
147 2017_06_15 10:10:42 537 10 0 9.223 0.6 0.5279,0.4124 2005 -3.62E-003 591.0 76.2 762.8 88.2 3.89 0.03 0.50
148 2017_06_15 10:10:42 560 10 0 9.207 0.7 0.5126,0.4192 2189 -1.93E-003 589.0 73.7 762.9 96.5 3.56 0.03 0.42
149 2017_06_15 10:10:42 584 10 0 9.224 0.1 0.5064,0.4205 2260 -1.52E-003 588.3 72.2 762.8 87.8 3.44 0.03 1.89
150 2017_06_15 10:10:42 608 255 0 9.217 0.0 0.4984,0.4217 2353 -1.05E-003 587.5 70.2 762.8 95.8 3.22 0.03 6.02
151 2017_06_15 10:10:42 632 255 0 9.214 0.1 0.4999,0.4245 2357 -1.35E-004 587.2 71.5 762.9 96.6 3.00 0.02 2.71
152 2017_06_15 10:10:42 655 10 0 9.214 0.4 0.5172,0.4403 2285 4.69E-003 586.3 81.4 718.9 91.2 14.02 0.08 3.71
153 2017_06_15 10:10:42 680 10 0 9.206 0.7 0.5088,0.4391 2363 4.43E-003 585.9 78.6 762.2 91.9 25.01 0.19 3.78
154 2017_06_15 10:10:42 704 10 0 9.212 0.2 0.5080,0.4391 2371 4.44E-003 585.8 78.3 762.2 91.9 24.78 0.19 17.19
155 2017_06_15 10:10:42 727 10 0 9.239 0.0 0.5087,0.4386 2361 4.26E-003 585.9 78.4 761.9 92.2 24.68 0.19 0.00
156 2017_06_15 10:10:42 752 10 0 9.218 0.1 0.5094,0.4382 2351 4.12E-003 586.0 78.4 761.9 92.1 24.70 0.19 51.37
157 2017_06_15 10:10:42 775 10 0 9.231 0.3 0.5099,0.4375 2340 3.88E-003 586.2 78.4 761.8 92.8 24.46 0.19 7.69
158 2017_06_15 10:10:42 799 255 0 9.217 0.7 0.5896,0.3674 1358 9.74E-003 603.2 81.2 764.6 60.9 4.80 0.05 0.57
159 2017_06_15 10:10:42 821 255 0 9.239 0.2 0.6069,0.3664 1272 7.25E-003 603.8 86.1 655.2 59.5 4.16 0.04 1.80
160 2017_06_15 10:10:42 847 255 0 9.209 0.1 0.5934,0.3819 1409 5.50E-003 599.8 86.7 655.0 69.9 4.76 0.04 5.82
161 2017_06_15 10:10:42 869 255 0 9.216 0.2 0.5700,0.3940 1598 5.41E-003 596.5 83.3 762.0 88.5 3.69 0.03 1.71
162 2017_06_15 10:10:42 892 10 0 9.229 0.2 0.5325,0.4149 1982 -2.67E-003 590.9 78.3 761.8 93.7 3.02 0.02 0.91
163 2017_06_15 10:10:42 915 10 0 9.216 0.3 0.5236,0.4139 2052 -3.34E-003 590.5 75.4 761.9 87.6 2.46 0.01 0.48
164 2017_06_15 10:10:42 939 255 0 9.223 0.7 0.5483,0.3961 1750 -7.05E-003 595.1 77.4 652.3 82.2 2.37 0.01 0.22
165 2017_06_15 10:10:42 960 10 0 9.206 0.3 0.5079,0.4392 2374 4.47E-003 585.8 78.3 762.4 92.2 24.33 0.19 9.04
166 2017_06_15 10:10:42 981 10 0 9.231 0.1 0.5086,0.4397 2369 4.60E-003 585.8 78.7 761.9 92.9 24.08 0.18 17.84
167 2017_06_15 10:10:43 003 10 0 9.222 0.1 0.5088,0.4387 2360 4.28E-003 585.9 78.4 762.2 92.4 24.66 0.19 21.36
168 2017_06_15 10:10:43 025 10 0 9.216 0.1 0.5096,0.4390 2354 4.37E-003 585.9 78.8 762.2 92.2 24.35 0.19 31.63
169 2017_06_15 10:10:43 046 10 0 9.210 0.3 0.5093,0.4383 2353 4.17E-003 586.0 78.5 762.2 92.8 24.57 0.19 8.81
170 2017_06_15 10:10:43 070 255 0 9.219 0.1 0.6514,0.3450 1002 4.35E-003 610.7 93.0 647.9 67.2 3.60 0.03 2.01
171 2017_06_15 10:10:43 091 10 0 9.217 0.3 0.5707,0.4149 1705 1.36E-004 593.0 89.8 718.0 82.5 8.11 0.06 2.75
172 2017_06_15 10:10:43 112 10 0 9.206 0.3 0.5667,0.4114 1713 -1.16E-003 593.3 87.6 648.2 84.8 8.16 0.06 2.51
173 2017_06_15 10:10:43 133 255 0 9.210 0.3 0.4879,0.4179 2447 -2.04E-003 587.3 65.9 777.8 87.2 3.23 0.03 0.73
174 2017_06_15 10:10:43 153 255 0 9.211 0.3 0.2587,0.4607 7976 7.99E-002 512.3 26.9 764.4 40.9 1.68 0.01 0.23
175 2017_06_15 10:10:43 174 255 0 9.219 0.4 0.3504,0.4173 5279 2.72E-002 559.5 24.5 734.6 65.1 1.63 0.01 0.18
176 2017_06_15 10:10:43 196 255 0 9.206 0.5 0.3625,0.4124 4920 2.08E-002 565.5 26.6 764.3 85.4 1.56 0.01 0.14
177 2017_06_15 10:10:43 221 255 0 9.213 0.6 0.4351,0.4114 3187 7.01E-004 582.8 48.1 764.3 87.5 1.76 0.01 0.13
178 2017_06_15 10:10:43 245 10 0 9.233 0.1 0.5151,0.4377 2289 3.91E-003 586.5 80.1 719.0 94.6 14.77 0.10 13.55
179 2017_06_15 10:10:43 268 10 0 9.219 0.2 0.5104,0.4390 2346 4.37E-003 586.0 79.0 762.1 93.0 25.44 0.20 11.51
180 2017_06_15 10:10:43 293 10 0 9.230 0.2 0.5096,0.4392 2356 4.44E-003 585.9 78.8 761.9 92.6 25.00 0.19 16.24
181 2017_06_15 10:10:43 316 10 0 9.209 0.3 0.5101,0.4385 2346 4.22E-003 586.0 78.8 761.8 92.9 24.84 0.19 7.61
182 2017_06_15 10:10:43 340 255 0 9.230 0.5 0.6015,0.3765 1343 5.64E-003 601.3 87.5 647.9 51.7 4.91 0.05 0.92
183 2017_06_15 10:10:43 363 10 0 9.221 0.1 0.5806,0.4037 1587 -1.69E-003 595.2 89.4 651.9 80.3 11.76 0.10 8.33
184 2017_06_15 10:10:43 385 10 0 9.226 0.1 0.5507,0.4230 1889 6.96E-004 590.7 86.3 652.0 87.4 16.00 0.12 16.24
185 2017_06_15 10:10:43 409 255 0 9.217 0.2 0.5619,0.3993 1677 -4.86E-003 595.1 82.5 761.6 79.2 6.79 0.07 2.99
186 2017_06_15 10:10:43 435 255 0 9.202 0.3 0.5070,0.3907 2048 -1.13E-002 593.8 63.4 718.5 79.4 3.26 0.03 0.91
187 2017_06_15 10:10:43 459 5 0 9.216 0.7 0.4201,0.3731 3145 -1.34E-002 590.7 32.0 718.9 32.5 1.92 0.01 0.14
188 2017_06_15 10:10:43 483 5 0 9.213 0.2 0.4968,0.3766 2046 -1.65E-002 596.7 56.1 761.6 46.6 2.36 0.02 0.92
189 2017_06_15 10:10:43 504 10 0 9.227 0.1 0.5122,0.4348 2299 3.03E-003 586.7 78.3 762.1 94.4 22.65 0.17 23.44
190 2017_06_15 10:10:43 525 10 0 9.236 0.3 0.5109,0.4382 2335 4.10E-003 586.1 78.9 761.8 92.5 24.17 0.18 8.95
191 2017_06_15 10:10:43 545 10 0 9.211 0.3 0.5116,0.4365 2317 3.57E-003 586.4 78.6 761.8 93.1 23.12 0.18 8.57
192 2017_06_15 10:10:43 565 10 0 9.210 0.3 0.5547,0.4129 1801 -1.79E-003 592.5 84.4 761.5 86.4 9.03 0.08 3.23
193 2017_06_15 10:10:43 585 255 0 9.204 0.3 0.5880,0.3818 1436 6.28E-003 599.7 85.1 761.5 70.8 5.98 0.06 1.80
194 2017_06_15 10:10:43 605 10 0 9.212 0.1 0.5732,0.4070 1648 -1.67E-003 594.3 88.2 761.5 88.1 10.35 0.08 12.67
195 2017_06_15 10:10:43 625 10 0 9.222 0.2 0.5662,0.4100 1708 1.59E-003 593.5 87.0 761.5 86.5 11.57 0.09 4.77
196 2017_06_15 10:10:43 649 5 0 9.206 0.3 0.4877,0.3912 2249 -1.15E-002 592.4 57.8 761.5 9.4 3.27 0.05 0.85
197 2017_06_15 10:10:43 673 255 0 9.223 0.3 0.4485,0.4004 2860 -5.69E-003 586.6 48.8 762.0 52.0 2.68 0.03 0.60
198 2017_06_15 10:10:43 697 5 0 9.215 0.3 0.4422,0.3867 2845 -1.06E-002 589.2 42.8 761.9 53.5 2.30 0.03 0.41
199 2017_06_15 10:10:43 720 5 0 9.230 0.5 0.4585,0.3777 2508 -1.58E-002 593.5 44.9 761.9 60.1 2.21 0.02 0.24
200 2017_06_15 10:10:43 744 10 0 9.216 0.2 0.5125,0.4402 2332 4.72E-003 586.0 80.0 763.4 93.3 22.41 0.17 14.51
201 2017_06_15 10:10:43 768 10 0 9.219 0.3 0.5106,0.4369 2329 3.69E-003 586.3 78.4 762.0 93.7 24.14 0.18 10.03
202 2017_06_15 10:10:43 793 10 0 9.226 0.3 0.5102,0.4364 2330 3.55E-003 586.3 78.2 762.7 93.8 24.50 0.19 10.18
203 2017_06_15 10:10:43 816 10 0 9.217 0.3 0.5104,0.4354 2322 3.22E-003 586.5 77.9 762.0 94.2 24.74 0.19 8.04
204 2017_06_15 10:10:43 840 255 0 9.216 0.5 0.5943,0.3525 1265 1.29E-002 607.7 78.1 649.9 63.2 3.65 0.03 0.61
205 2017_06_15 10:10:43 863 255 0 9.226 0.2 0.5813,0.3804 1465 7.55E-003 599.7 82.6 650.2 70.6 5.30 0.05 3.11
206 2017_06_15 10:10:43 886 255 0 9.211 0.1 0.5780,0.3873 1517 6.20E-003 598.1 83.7 652.7 72.0 5.27 0.05 5.15
207 2017_06_15 10:10:43 911 255 0 9.219 0.2 0.4918,0.4154 2382 -3.04E-003 588.0 66.3 761.9 -215.7 1.93 0.02 0.56
208 2017_06_15 10:10:43 935 255 0 9.213 0.3 0.4574,0.4283 2943 4.17E-003 582.7 59.9 773.9 非数字 1.47 0.00 0.15
209 2017_06_15 10:10:43 960 255 0 9.209 0.7 0.5397,0.3971 1817 -7.46E-003 594.4 75.2 655.1 -8.5 2.05 0.01 0.16
210 2017_06_15 10:10:43 983 10 0 9.223 0.2 0.5160,0.4311 2236 1.83E-003 587.5 78.3 762.5 96.0 21.38 0.17 11.62
211 2017_06_15 10:10:44 008 10 0 9.214 0.1 0.5092,0.4392 2360 4.46E-003 585.9 78.7 762.6 92.7 24.02 0.18 27.73
212 2017_06_15 10:10:44 033 10 0 9.213 0.2 0.5096,0.4381 2348 4.09E-003 586.1 78.5 762.7 92.0 24.52 0.19 15.00
213 2017_06_15 10:10:44 054 10 0 9.215 0.4 0.5584,0.4030 1721 -4.19E-003 594.3 82.6 761.3 77.3 8.45 0.07 2.24
214 2017_06_15 10:10:44 075 255 0 9.217 0.6 0.6080,0.3515 1200 1.08E-002 608.2 81.9 655.3 48.1 3.76 0.04 0.48
215 2017_06_15 10:10:44 096 255 0 9.219 0.7 0.5883,0.3924 1487 3.57E-003 597.5 88.4 764.2 76.8 9.26 0.08 1.24
216 2017_06_15 10:10:44 117 255 0 9.189 0.7 0.5306,0.3817 1791 -1.28E-002 597.3 67.8 719.1 82.3 3.25 0.03 0.36
217 2017_06_15 10:10:44 137 5 0 9.213 0.6 0.4995,0.3858 2085 -1.32E-002 594.5 59.7 719.2 83.9 2.56 0.02 0.26
218 2017_06_15 10:10:44 162 255 0 9.219 0.3 0.5080,0.3870 2013 -1.25E-002 594.7 62.6 763.1 78.8 2.49 0.02 0.51
219 2017_06_15 10:10:44 184 10 0 9.213 0.1 0.5144,0.4357 2282 3.28E-003 586.7 79.2 761.9 94.2 21.31 0.16 44.04
220 2017_06_15 10:10:44 206 10 0 9.221 0.2 0.5126,0.4376 2313 3.90E-003 586.3 79.3 761.9 93.4 22.58 0.17 11.13
221 2017_06_15 10:10:44 227 10 0 9.197 0.2 0.5118,0.4377 2323 3.94E-003 586.3 79.0 762.0 92.6 23.27 0.18 10.99
222 2017_06_15 10:10:44 250 10 0 9.227 0.1 0.5113,0.4384 2332 4.15E-003 586.1 79.1 762.2 92.4 23.51 0.18 17.40
223 2017_06_15 10:10:44 272 255 0 9.214 0.3 0.6288,0.3428 1077 9.19E-003 611.4 85.5 648.9 45.1 3.20 0.02 0.82
224 2017_06_15 10:10:44 295 255 0 9.219 0.3 0.5864,0.3999 1535 1.94E-003 596.1 90.1 654.3 74.2 8.16 0.07 2.35
225 2017_06_15 10:10:44 318 255 0 9.204 0.7 0.5820,0.3978 1549 3.01E-003 596.3 88.1 653.3 77.5 11.62 0.10 1.72
226 2017_06_15 10:10:44 341 255 0 9.219 0.2 0.5228,0.3700 1778 -1.71E-002 600.1 61.9 763.4 43.2 3.01 0.03 0.91
227 2017_06_15 10:10:44 365 255 0 9.212 0.1 0.5034,0.3799 2006 -1.51E-002 596.3 59.1 763.4 43.9 2.53 0.02 1.28
228 2017_06_15 10:10:44 389 10 0 9.215 0.3 0.5120,0.4368 2314 3.63E-003 586.4 78.8 762.2 93.4 25.84 0.20 9.29
229 2017_06_15 10:10:44 412 10 0 9.237 0.2 0.5110,0.4377 2331 3.95E-003 586.2 78.8 762.3 93.3 24.73 0.19 10.69
230 2017_06_15 10:10:44 437 10 0 9.209 0.4 0.5106,0.4389 2343 4.34E-003 586.0 79.0 762.3 92.5 24.56 0.19 7.30
231 2017_06_15 10:10:44 461 10 0 9.217 0.4 0.5120,0.4374 2318 3.84E-003 586.3 79.0 762.2 93.8 24.06 0.19 7.14
232 2017_06_15 10:10:44 484 255 0 9.223 0.1 0.5996,0.3681 1313 8.01E-003 603.2 84.4 762.0 67.0 6.35 0.07 7.24
233 2017_06_15 10:10:44 507 10 0 9.214 0.3 0.5412,0.4195 1941 -8.70E-004 590.7 82.3 718.8 87.3 18.76 0.15 7.70
234 2017_06_15 10:10:44 532 10 0 9.214 0.2 0.5214,0.4321 2190 2.19E-003 587.7 80.2 718.7 94.4 17.76 0.14 12.11
235 2017_06_15 10:10:44 555 10 0 9.221 0.3 0.5204,0.4303 2188 1.62E-003 587.9 79.4 718.7 94.3 18.31 0.14 5.86
236 2017_06_15 10:10:44 577 255 0 9.217 0.7 0.5721,0.3837 1532 7.89E-003 598.7 80.9 651.9 70.7 13.65 0.14 2.05
237 2017_06_15 10:10:44 600 5 0 9.213 0.5 0.4215,0.3329 2691 -3.28E-002 639.6 20.3 762.7 51.6 1.91 0.01 0.19
238 2017_06_15 10:10:44 621 255 0 9.216 0.2 0.5021,0.3703 1952 -1.84E-002 599.0 55.8 762.6 59.4 2.70 0.02 1.02
239 2017_06_15 10:10:44 643 10 0 9.233 0.1 0.5137,0.4403 2320 4.72E-003 586.1 80.4 764.0 92.0 23.98 0.18 19.12
240 2017_06_15 10:10:44 665 10 0 9.233 0.0 0.5098,0.4377 2342 3.94E-003 586.1 78.4 761.6 92.9 24.89 0.19 0.00
241 2017_06_15 10:10:44 688 10 0 9.203 0.2 0.5108,0.4400 2348 4.67E-003 585.9 79.4 761.7 93.2 24.32 0.18 10.55
242 2017_06_15 10:10:44 712 255 0 9.219 0.1 0.6137,0.3750 1280 4.09E-003 602.0 90.7 652.9 59.1 10.91 0.11 21.47
243 2017_06_15 10:10:44 733 10 0 9.229 0.3 0.5180,0.4351 2244 3.10E-003 587.1 80.1 763.6 94.6 22.67 0.17 7.82
244 2017_06_15 10:10:44 755 10 0 9.217 0.3 0.5189,0.4244 2163 -2.27E-004 588.6 77.1 761.7 96.0 17.71 0.14 5.66
245 2017_06_15 10:10:44 778 10 0 9.210 0.6 0.5244,0.4177 2070 -2.13E-003 590.0 76.8 761.8 93.8 16.06 0.14 2.63
246 2017_06_15 10:10:44 800 10 0 9.218 0.3 0.5265,0.4164 2042 -2.46E-003 590.3 77.0 761.7 90.8 14.86 0.13 5.56
247 2017_06_15 10:10:44 824 10 0 9.216 0.1 0.5283,0.4176 2035 -2.03E-003 590.2 77.9 761.7 91.0 15.02 0.13 12.67
248 2017_06_15 10:10:44 849 5 0 9.209 0.3 0.4961,0.3816 2088 -1.48E-002 595.4 57.4 761.3 69.6 3.19 0.03 0.95
249 2017_06_15 10:10:44 873 255 0 9.234 0.3 0.5165,0.3960 1997 -9.22E-003 593.3 67.8 761.3 79.5 3.95 0.04 1.03
250 2017_06_15 10:10:44 897 10 0 9.209 0.4 0.5107,0.4410 2356 4.99E-003 585.8 79.7 718.9 91.7 24.74 0.18 7.15
251 2017_06_15 10:10:44 921 10 0 9.225 0.4 0.5111,0.4385 2334 4.18E-003 586.1 79.1 763.9 92.9 25.41 0.19 6.29
252 2017_06_15 10:10:44 944 10 0 9.211 0.1 0.5121,0.4378 2320 3.96E-003 586.3 79.2 763.6 93.1 25.14 0.19 21.82
253 2017_06_15 10:10:44 969 10 0 9.216 0.3 0.5118,0.4382 2325 4.09E-003 586.2 79.2 763.7 92.5 25.13 0.19 9.34
254 2017_06_15 10:10:44 993 10 0 9.216 0.3 0.5553,0.4025 1738 -4.62E-003 594.2 81.5 651.2 80.9 20.75 0.19 7.38
255 2017_06_15 10:10:45 018 10 0 9.216 0.4 0.5511,0.4016 1762 -5.23E-003 594.2 79.9 763.7 75.6 10.89 0.10 2.98
256 2017_06_15 10:10:45 041 255 0 9.206 0.3 0.5546,0.3966 1709 -6.32E-003 595.3 79.5 763.6 74.9 8.44 0.08 2.69
257 2017_06_15 10:10:45 062 10 0 9.202 0.1 0.5558,0.4014 1728 -4.87E-003 594.5 81.3 761.9 78.8 9.40 0.09 9.12
258 2017_06_15 10:10:45 082 10 0 9.208 0.1 0.5593,0.4026 1712 -4.22E-003 594.4 82.7 761.9 79.4 9.35 0.09 15.09
259 2017_06_15 10:10:45 102 255 0 9.209 0.1 0.6060,0.3666 1277 7.35E-003 603.7 85.9 651.2 55.9 9.10 0.10 9.76
260 2017_06_15 10:10:45 121 255 0 9.207 0.1 0.3066,0.3421 7379 1.30E-002 492.3 12.5 761.9 23.0 1.58 0.01 0.63
261 2017_06_15 10:10:45 141 5 0 9.213 0.1 0.4128,0.3507 3079 -2.28E-002 602.6 23.1 761.9 69.3 1.83 0.01 0.90
262 2017_06_15 10:10:45 161 10 0 9.204 0.1 0.5142,0.4317 2258 2.04E-003 587.2 78.0 762.7 95.4 18.40 0.14 15.73
263 2017_06_15 10:10:45 181 10 0 9.212 0.1 0.5120,0.4401 2336 4.69E-003 586.0 79.8 761.4 91.9 24.40 0.18 28.19
264 2017_06_15 10:10:45 201 10 0 9.215 0.1 0.5115,0.4399 2339 4.61E-003 586.0 79.6 761.3 92.4 24.88 0.19 23.53
265 2017_06_15 10:10:45 222 10 0 9.226 0.1 0.5122,0.4380 2320 4.01E-003 586.3 79.2 761.3 93.2 24.35 0.19 36.11
266 2017_06_15 10:10:45 241 255 0 9.214 0.1 0.6100,0.3661 1257 6.83E-003 604.0 86.9 762.7 60.2 8.47 0.09 6.75
267 2017_06_15 10:10:45 261 255 0 9.228 0.1 0.5781,0.3887 1524 5.83E-003 597.9 84.2 763.8 66.2 9.06 0.09 8.72
268 2017_06_15 10:10:45 279 255 0 9.206 0.1 0.5737,0.3902 1557 5.97E-003 597.4 83.3 763.9 70.0 8.00 0.07 6.91
269 2017_06_15 10:10:45 303 10 0 9.208 0.2 0.5602,0.4043 1716 -3.68E-003 594.2 83.5 761.9 80.0 8.73 0.08 5.59
270 2017_06_15 10:10:45 325 10 0 9.209 0.1 0.5534,0.4125 1809 -2.03E-003 592.5 83.9 761.9 87.0 9.63 0.08 13.37
271 2017_06_15 10:10:45 350 10 0 9.219 0.0 0.5593,0.4055 1729 -3.42E-003 593.9 83.6 761.9 86.7 9.16 0.08 29.47
272 2017_06_15 10:10:45 374 255 0 9.218 0.3 0.4833,0.4126 2462 -3.74E-003 587.8 62.9 763.8 71.9 4.03 0.04 1.26
273 2017_06_15 10:10:45 396 255 0 9.230 0.6 0.3206,0.3742 6388 2.11E-002 511.8 7.2 763.3 66.6 1.90 0.02 0.17
274 2017_06_15 10:10:45 420 10 0 9.218 0.6 0.5454,0.4221 1924 -1.25E-004 590.6 84.4 763.4 84.6 9.24 0.06 1.62
275 2017_06_15 10:10:45 443 10 0 9.221 0.1 0.5393,0.4212 1966 -4.95E-004 590.4 82.3 761.9 86.5 18.90 0.15 14.91
276 2017_06_15 10:10:45 465 10 0 9.233 0.1 0.5399,0.4195 1950 -9.50E-004 590.7 82.0 764.3 89.6 18.60 0.15 27.20
277 2017_06_15 10:10:45 489 255 0 9.213 0.2 0.6153,0.3637 1223 6.52E-003 604.7 87.8 654.1 57.5 10.52 0.12 5.16
278 2017_06_15 10:10:45 511 255 0 9.232 0.1 0.5838,0.3819 1459 6.82E-003 599.5 83.9 761.9 74.6 7.99 0.08 5.40
279 2017_06_15 10:10:45 535 255 0 9.220 0.3 0.5764,0.3853 1516 6.94E-003 598.5 82.6 761.9 71.4 7.32 0.07 2.08
280 2017_06_15 10:10:45 558 255 0 9.220 0.7 0.5683,0.3930 1603 5.85E-003 596.6 82.6 761.9 79.8 7.92 0.08 1.07
281 2017_06_15 10:10:45 581 10 0 9.215 0.2 0.5543,0.4103 1789 -2.56E-003 592.9 83.5 761.9 82.3 10.11 0.09 4.70
282 2017_06_15 10:10:45 603 10 0 9.205 0.1 0.5593,0.4039 1720 -3.85E-003 594.2 83.1 761.9 77.3 9.72 0.09 13.52
283 2017_06_15 10:10:45 623 255 0 9.223 0.1 0.4254,0.4129 3388 3.14E-003 581.1 45.6 761.9 72.8 3.40 0.04 2.17
284 2017_06_15 10:10:45 643 5 0 9.237 0.0 0.4223,0.3690 3057 -1.57E-002 592.6 31.4 761.9 84.8 2.49 0.03 4.03
285 2017_06_15 10:10:45 663 10 0 9.212 0.1 0.5344,0.4211 2005 -7.55E-004 590.1 80.8 730.4 94.3 16.96 0.12 24.73
286 2017_06_15 10:10:45 682 10 0 9.207 0.1 0.5209,0.4371 2228 3.72E-003 587.0 81.6 718.9 93.5 20.61 0.15 23.64
287 2017_06_15 10:10:45 701 10 0 9.215 0.1 0.5149,0.4403 2308 4.70E-003 586.2 80.7 764.3 92.7 21.75 0.16 24.99
288 2017_06_15 10:10:45 720 10 0 9.213 0.1 0.5140,0.4371 2296 3.71E-003 586.5 79.5 761.7 92.4 22.91 0.18 19.79
289 2017_06_15 10:10:45 744 10 0 9.211 0.1 0.5217,0.4307 2179 1.76E-003 587.9 79.9 761.9 94.2 21.03 0.17 16.71
290 2017_06_15 10:10:45 765 255 0 9.216 0.3 0.6139,0.3465 1153 1.10E-002 610.0 82.2 764.6 36.7 5.98 0.06 2.16
291 2017_06_15 10:10:45 786 255 0 9.212 0.3 0.6102,0.3557 1209 9.36E-003 606.9 83.9 764.6 43.2 6.31 0.06 2.21
292 2017_06_15 10:10:45 808 255 0 9.202 0.1 0.6017,0.3621 1276 9.17E-003 604.9 83.3 764.5 50.9 5.94 0.06 10.73
293 2017_06_15 10:10:45 829 255 0 9.222 0.1 0.6088,0.3590 1230 8.77E-003 605.9 84.4 764.5 50.0 5.87 0.06 4.80
294 2017_06_15 10:10:45 850 255 0 9.216 0.2 0.5365,0.3994 1855 -7.01E-003 593.8 74.9 763.4 70.5 4.09 0.04 1.97
295 2017_06_15 10:10:45 871 255 0 9.225 0.3 0.4484,0.4366 3152 8.58E-003 580.5 59.7 763.4 68.8 2.96 0.02 0.85
296 2017_06_15 10:10:45 893 255 0 9.218 0.3 0.4653,0.4169 2735 -9.86E-004 585.4 58.8 763.4 78.5 2.66 0.02 0.62
297 2017_06_15 10:10:45 913 10 0 9.212 0.4 0.5420,0.4170 1919 -1.55E-003 591.2 81.8 718.9 85.3 14.51 0.11 4.07
298 2017_06_15 10:10:45 935 10 0 9.243 0.7 0.5409,0.4167 1926 -1.70E-003 591.1 81.4 718.8 84.6 14.79 0.12 2.19
299 2017_06_15 10:10:45 956 10 0 9.217 0.7 0.5616,0.4010 1689 -4.42E-003 594.8 82.9 648.6 78.7 14.32 0.12 1.98
300 2017_06_15 10:10:45 977 255 0 9.212 0.6 0.6209,0.3504 1141 8.78E-003 608.7 85.4 651.5 38.3 10.03 0.12 1.75
301 2017_06_15 10:10:45 998 255 0 9.199 0.4 0.5936,0.3662 1333 9.42E-003 603.6 82.0 648.1 54.8 7.71 0.09 1.78
302 2017_06_15 10:10:46 018 255 0 9.230 0.3 0.5875,0.3711 1386 9.08E-003 602.2 81.7 649.8 54.8 7.29 0.08 2.13
303 2017_06_15 10:10:46 039 255 0 9.213 0.2 0.5835,0.3740 1421 8.92E-003 601.3 81.4 649.7 56.2 7.01 0.08 2.71
304 2017_06_15 10:10:46 062 255 0 9.213 0.1 0.5857,0.3730 1405 8.86E-003 601.6 81.7 649.5 56.3 6.96 0.08 4.97
305 2017_06_15 10:10:46 083 255 0 9.208 0.1 0.4281,0.4298 3462 9.50E-003 578.8 51.5 763.4 73.3 3.01 0.02 1.81
306 2017_06_15 10:10:46 105 255 0 9.213 0.0 0.4218,0.4178 3497 5.90E-003 579.7 46.0 763.4 76.3 2.77 0.02 0.00
307 2017_06_15 10:10:46 125 255 0 9.212 0.3 0.4628,0.4119 2732 -2.67E-003 586.0 56.5 763.4 60.6 2.82 0.02 0.68
308 2017_06_15 10:10:46 145 255 0 9.217 0.3 0.6361,0.3541 1097 5.13E-003 607.7 91.1 650.7 56.6 11.45 0.10 4.19
309 2017_06_15 10:10:46 164 255 0 9.210 0.3 0.6361,0.3547 1099 4.99E-003 607.5 91.3 649.9 55.5 11.98 0.11 4.41
310 2017_06_15 10:10:46 184 255 0 9.209 0.3 0.6476,0.3447 1015 5.15E-003 610.7 91.8 650.2 53.6 12.05 0.12 3.63
311 2017_06_15 10:10:46 203 255 0 9.228 0.3 0.6357,0.3485 1075 6.53E-003 609.4 89.3 651.3 50.0 9.41 0.09 3.25
312 2017_06_15 10:10:46 223 255 0 9.219 0.1 0.5983,0.3713 1334 7.41E-003 602.4 85.0 651.1 64.0 7.04 0.06 13.10
313 2017_06_15 10:10:46 243 255 0 9.222 0.1 0.5959,0.3742 1360 7.05E-003 601.6 85.2 649.9 66.0 7.09 0.06 7.33
314 2017_06_15 10:10:46 263 255 0 9.220 0.1 0.6036,0.3659 1285 7.93E-003 603.9 84.9 653.1 58.2 6.66 0.06 8.75
315 2017_06_15 10:10:46 286 255 0 9.224 0.1 0.4255,0.4388 3575 1.36E-002 577.2 53.5 762.1 71.0 2.99 0.02 1.65
316 2017_06_15 10:10:46 308 255 0 9.213 0.2 0.4271,0.4297 3481 9.68E-003 578.7 51.2 762.2 78.6 2.68 0.02 0.76
317 2017_06_15 10:10:46 330 255 0 9.236 0.1 0.4563,0.4177 2877 2.40E-004 584.3 56.3 762.2 92.7 2.79 0.02 1.38
318 2017_06_15 10:10:46 352 255 0 9.213 0.3 0.4984,0.4101 2271 -4.96E-003 589.5 66.6 762.2 81.4 3.00 0.02 0.83
319 2017_06_15 10:10:46 373 10 0 9.213 0.3 0.5076,0.4043 2136 -6.83E-003 591.1 67.7 762.2 79.5 3.00 0.02 0.72
320 2017_06_15 10:10:46 394 10 0 9.203 0.3 0.5039,0.4036 2168 -7.11E-003 591.0 66.3 762.2 77.0 2.88 0.02 0.70
321 2017_06_15 10:10:46 416 10 0 9.224 0.6 0.5007,0.4037 2201 -7.09E-003 590.8 65.4 762.2 79.1 2.80 0.02 0.33
322 2017_06_15 10:10:46 438 10 0 9.204 0.7 0.5055,0.4019 2139 -7.64E-003 591.4 66.4 762.2 77.2 2.74 0.02 0.27
323 2017_06_15 10:10:46 460 255 0 9.212 0.4 0.6763,0.3156 1001 -5.28E-002 623.8 91.6 648.6 27.5 6.49 0.07 1.65
324 2017_06_15 10:10:46 482 255 0 9.216 0.1 0.6946,0.3088 1001 -7.78E-002 627.4 95.1 651.0 55.8 10.34 0.12 7.79
325 2017_06_15 10:10:46 505 255 0 9.200 0.1 0.6366,0.3654 1143 2.44E-003 604.7 94.7 652.9 58.8 15.70 0.14 31.91
326 2017_06_15 10:10:46 529 10 0 9.233 0.2 0.5656,0.4108 1717 -1.42E-003 593.3 87.1 655.3 79.4 16.98 0.13 10.17
327 2017_06_15 10:10:46 553 10 0 9.209 0.3 0.5346,0.4292 2055 1.65E-003 588.9 83.3 761.9 93.8 16.77 0.13 6.58
328 2017_06_15 10:10:46 578 10 0 9.204 0.4 0.5294,0.4344 2132 3.01E-003 587.9 83.3 761.9 92.4 18.57 0.13 5.15
329 2017_06_15 10:10:46 602 10 0 9.213 0.3 0.5049,0.4401 2412 4.83E-003 585.4 77.7 762.0 92.7 25.05 0.17 7.67
330 2017_06_15 10:10:46 628 10 0 9.213 0.1 0.5079,0.4399 2378 4.69E-003 585.7 78.5 761.9 91.5 24.71 0.18 42.84
331 2017_06_15 10:10:46 652 10 0 9.225 0.1 0.5087,0.4385 2360 4.24E-003 585.9 78.4 762.0 92.2 25.30 0.18 26.31
332 2017_06_15 10:10:46 673 10 0 9.207 0.3 0.5078,0.4372 2361 3.84E-003 586.0 77.7 762.0 91.1 25.63 0.19 8.91
333 2017_06_15 10:10:46 696 10 0 9.213 0.3 0.5087,0.4368 2349 3.68E-003 586.2 77.8 762.0 91.2 25.77 0.19 8.66
334 2017_06_15 10:10:46 716 10 0 9.219 0.7 0.5079,0.4370 2358 3.77E-003 586.1 77.7 762.0 91.5 25.95 0.19 3.98
335 2017_06_15 10:10:46 737 10 0 9.219 0.5 0.5076,0.4380 2368 4.08E-003 585.9 77.9 762.0 91.5 25.73 0.19 5.83
336 2017_06_15 10:10:46 756 10 0 9.216 0.4 0.5074,0.4382 2372 4.17E-003 585.9 77.9 761.9 91.6 25.83 0.19 6.26
337 2017_06_15 10:10:46 775 10 0 9.216 0.6 0.5075,0.4379 2369 4.07E-003 585.9 77.8 761.9 91.7 25.90 0.19 4.50
338 2017_06_15 10:10:46 794 10 0 9.210 0.7 0.5074,0.4383 2373 4.20E-003 585.9 77.9 761.9 91.5 25.95 0.19 3.92
339 2017_06_15 10:10:46 813 10 0 9.214 0.4 0.5077,0.4382 2368 4.14E-003 585.9 77.9 761.9 91.4 25.87 0.19 6.74
340 2017_06_15 10:10:46 837 10 0 9.225 0.4 0.5078,0.4379 2365 4.06E-003 586.0 77.9 761.9 91.5 25.97 0.19 7.31
341 2017_06_15 10:10:46 862 10 0 9.223 0.3 0.5079,0.4379 2365 4.07E-003 586.0 77.9 761.9 91.5 25.92 0.19 9.64
342 2017_06_15 10:10:46 886 10 0 9.210 0.1 0.5079,0.4379 2364 4.05E-003 586.0 77.9 761.9 91.5 25.99 0.19 24.64
343 2017_06_15 10:10:46 910 10 0 9.219 0.2 0.5079,0.4382 2367 4.14E-003 585.9 78.0 761.9 91.5 26.00 0.19 12.31
344 2017_06_15 10:10:46 934 10 0 9.228 0.3 0.5077,0.4382 2369 4.17E-003 585.9 78.0 761.9 91.4 25.92 0.19 9.63
345 2017_06_15 10:10:46 957 10 0 9.215 0.4 0.5076,0.4382 2369 4.15E-003 585.9 77.9 761.9 91.5 25.96 0.19 6.60
346 2017_06_15 10:10:46 982 10 0 9.215 0.3 0.5077,0.4383 2368 4.18E-003 585.9 78.0 761.9 91.5 25.96 0.19 10.02
347 2017_06_15 10:10:47 007 10 0 9.212 0.1 0.5079,0.4383 2367 4.19E-003 585.9 78.0 761.9 91.5 25.93 0.19 38.62
348 2017_06_15 10:10:47 032 10 0 9.219 0.1 0.5077,0.4384 2370 4.23E-003 585.9 78.0 761.9 91.6 25.95 0.19 24.58
349 2017_06_15 10:10:47 056 10 0 9.232 0.3 0.5077,0.4384 2370 4.24E-003 585.9 78.0 761.9 91.5 25.92 0.19 7.93
350 2017_06_15 10:10:47 081 10 0 9.223 0.4 0.5077,0.4384 2369 4.21E-003 585.9 78.0 761.9 91.6 25.94 0.19 7.50
351 2017_06_15 10:10:47 106 10 0 9.231 0.1 0.5077,0.4384 2370 4.23E-003 585.9 78.0 761.9 91.6 25.85 0.19 26.89
352 2017_06_15 10:10:47 131 10 0 9.218 0.1 0.5077,0.4384 2370 4.22E-003 585.9 78.0 761.9 91.6 25.86 0.19 29.93
353 2017_06_15 10:10:47 156 10 0 9.220 0.3 0.5076,0.4382 2370 4.17E-003 585.9 77.9 761.9 91.6 25.89 0.19 8.43
354 2017_06_15 10:10:47 179 10 0 9.232 0.7 0.5075,0.4382 2371 4.17E-003 585.9 77.9 761.9 91.7 25.92 0.19 3.91
355 2017_06_15 10:10:47 204 10 0 9.216 0.2 0.5076,0.4382 2369 4.15E-003 585.9 77.9 761.9 91.7 25.89 0.19 17.99
356 2017_06_15 10:10:47 230 10 0 9.208 0.1 0.5076,0.4381 2369 4.14E-003 585.9 77.9 761.9 91.7 25.92 0.19 22.53
357 2017_06_15 10:10:47 251 10 0 9.231 0.2 0.5076,0.4382 2370 4.16E-003 585.9 77.9 761.9 91.6 25.87 0.19 11.22
358 2017_06_15 10:10:47 272 10 0 9.211 0.3 0.5073,0.4383 2373 4.18E-003 585.9 77.9 761.9 91.8 26.05 0.20 8.76
359 2017_06_15 10:10:47 295 10 0 9.219 0.3 0.5077,0.4379 2366 4.07E-003 585.9 77.9 761.9 91.5 25.90 0.19 8.18
360 2017_06_15 10:10:47 315 10 0 9.216 0.5 0.5077,0.4380 2367 4.09E-003 585.9 77.9 761.9 91.6 25.90 0.19 6.00
361 2017_06_15 10:10:47 335 10 0 9.224 0.6 0.5075,0.4381 2370 4.12E-003 585.9 77.9 761.9 91.6 25.92 0.19 4.35
362 2017_06_15 10:10:47 355 10 0 9.216 0.7 0.5075,0.4378 2368 4.04E-003 585.9 77.8 761.9 91.6 25.94 0.20 4.10
363 2017_06_15 10:10:47 376 10 0 9.214 0.6 0.5076,0.4379 2368 4.06E-003 585.9 77.8 761.9 91.7 25.93 0.20 4.36
364 2017_06_15 10:10:47 400 10 0 9.212 0.6 0.5075,0.4379 2369 4.07E-003 585.9 77.8 761.9 91.8 25.95 0.20 4.59
365 2017_06_15 10:10:47 424 10 0 9.214 0.1 0.5077,0.4377 2365 3.99E-003 586.0 77.8 761.9 91.9 26.01 0.20 24.64
366 2017_06_15 10:10:47 449 10 0 9.213 0.2 0.5074,0.4379 2369 4.07E-003 585.9 77.8 761.9 91.8 25.97 0.20 11.77
367 2017_06_15 10:10:47 473 10 0 9.207 0.3 0.5075,0.4379 2368 4.05E-003 585.9 77.8 761.9 91.9 25.97 0.20 10.04
368 2017_06_15 10:10:47 498 10 0 9.215 0.5 0.5076,0.4379 2367 4.05E-003 585.9 77.8 761.9 91.9 25.95 0.20 5.52
369 2017_06_15 10:10:47 535 10 0 9.215 0.3 0.5076,0.4379 2368 4.06E-003 585.9 77.8 761.9 91.9 25.95 0.20 8.73
370 2017_06_15 10:10:47 559 10 0 9.206 0.6 0.5076,0.4379 2368 4.07E-003 585.9 77.8 761.9 91.9 25.96 0.20 4.75
371 2017_06_15 10:10:47 583 10 0 9.215 0.2 0.5075,0.4379 2368 4.07E-003 585.9 77.8 761.9 91.9 25.98 0.20 16.92
372 2017_06_15 10:10:47 606 10 0 9.222 0.1 0.5085,0.4374 2355 3.88E-003 586.1 77.9 761.9 91.7 26.12 0.20 30.23
373 2017_06_15 10:10:47 632 10 0 9.224 0.2 0.5073,0.4381 2372 4.14E-003 585.9 77.8 761.9 92.0 25.95 0.20 18.01
374 2017_06_15 10:10:47 656 10 0 9.209 0.3 0.5073,0.4381 2372 4.13E-003 585.9 77.8 761.9 92.0 25.94 0.20 8.73
375 2017_06_15 10:10:47 681 10 0 9.215 0.6 0.5072,0.4381 2373 4.13E-003 585.9 77.8 761.9 92.0 25.95 0.20 4.92
376 2017_06_15 10:10:47 704 10 0 9.233 0.1 0.5072,0.4381 2373 4.14E-003 585.9 77.8 761.9 91.9 25.93 0.20 26.97
377 2017_06_15 10:10:47 723 10 0 9.212 0.2 0.5073,0.4381 2372 4.14E-003 585.9 77.8 761.9 91.9 25.91 0.20 15.89
