记录条数   时间  bin号 晶号 电压(V) 反向漏电流(uA) 色坐标(x,y) 相关色温(K) 色差 主波长(nm) 色纯度(%) 峰值波长(nm) 显色性指数 光通量(lm) 辐射通量(mW) 光效 
0 2017_06_13 15:33:32 347 255 0 -0.010 0.0 1.0100,0.0100 4850 3.11E-001 769.0 100.0 750.9 非数字 1.00 0.00 0.00
1 2017_06_13 15:33:35 809 255 0 -0.010 0.0 1.0100,0.0100 4850 3.11E-001 769.0 100.0 750.9 非数字 1.00 0.00 0.00
2 2017_06_13 15:33:36 368 255 0 -0.010 0.0 1.0100,0.0100 4850 3.11E-001 769.0 100.0 750.9 非数字 1.00 0.00 0.00
3 2017_06_13 15:33:36 556 255 0 -0.010 0.0 1.0100,0.0100 4850 3.11E-001 769.0 100.0 750.9 非数字 1.00 0.00 0.00
4 2017_06_13 15:33:36 736 255 0 -0.010 0.0 1.0100,0.0100 4850 3.11E-001 769.0 100.0 750.9 非数字 1.00 0.00 0.00
5 2017_06_13 15:33:36 918 255 0 -0.010 0.0 1.0100,0.0100 4850 3.11E-001 769.0 100.0 750.9 非数字 1.00 0.00 0.00
6 2017_06_13 15:33:37 096 255 0 -0.010 0.0 1.0100,0.0100 4850 3.11E-001 769.0 100.0 750.9 非数字 1.00 0.00 0.00
7 2017_06_13 15:33:37 280 255 0 -0.010 0.0 1.0100,0.0100 4850 3.11E-001 769.0 100.0 750.9 非数字 1.00 0.00 0.00
8 2017_06_13 15:33:37 478 255 0 -0.010 0.0 1.0100,0.0100 4850 3.11E-001 769.0 100.0 750.9 非数字 1.00 0.00 0.00
9 2017_06_13 15:33:37 632 255 0 -0.010 0.0 1.0100,0.0100 4850 3.11E-001 769.0 100.0 750.9 非数字 1.00 0.00 0.00
10 2017_06_13 15:33:37 809 255 0 -0.010 0.0 1.0100,0.0100 4850 3.11E-001 769.0 100.0 750.9 非数字 1.00 0.00 0.00
11 2017_06_13 15:33:52 809 6 0 -0.010 0.0 0.5280,0.4063 1966 -5.46E-003 592.1 74.4 772.4 93.2 729.00 8.16 0.00
12 2017_06_13 15:33:53 479 6 0 -0.010 0.0 0.5280,0.4063 1966 -5.46E-003 592.1 74.4 772.4 93.2 729.13 8.17 0.00
13 2017_06_13 15:33:53 698 6 0 -0.010 0.0 0.5280,0.4063 1966 -5.46E-003 592.1 74.4 772.4 93.2 729.19 8.17 0.00
14 2017_06_13 15:33:53 889 6 0 -0.010 0.0 0.5280,0.4063 1966 -5.46E-003 592.1 74.4 772.4 93.2 729.23 8.17 0.00
15 2017_06_13 15:33:54 096 6 0 -0.010 0.0 0.5280,0.4063 1966 -5.46E-003 592.1 74.4 772.4 93.2 729.26 8.17 0.00
16 2017_06_13 15:33:54 297 6 0 -0.010 0.0 0.5280,0.4063 1966 -5.46E-003 592.1 74.4 772.4 93.2 729.28 8.17 0.00
17 2017_06_13 15:33:54 487 6 0 -0.010 0.0 0.5280,0.4063 1966 -5.46E-003 592.1 74.4 772.4 93.2 729.29 8.17 0.00
18 2017_06_13 15:33:54 696 6 0 -0.010 0.0 0.5280,0.4063 1966 -5.46E-003 592.1 74.4 772.4 93.2 729.30 8.17 0.00
