记录条数   时间  bin号 晶号 电压(V) 反向漏电流(uA) 色坐标(x,y) 相关色温(K) 色差 主波长(nm) 色纯度(%) 峰值波长(nm) 显色性指数 光通量(lm) 辐射通量(mW) 光效 
0 2017_06_12 11:45:52 901 4 0 2.929 0.3 0.5563,0.4043 1742 -4.04E-003 594.0 82.3 772.9 96.0 20.94 0.33 23.39
1 2017_06_12 11:45:53 821 4 0 2.947 0.3 0.5596,0.4037 1716 -3.90E-003 594.2 83.1 771.9 95.8 20.38 0.32 21.85
2 2017_06_12 11:45:53 840 4 0 2.954 0.3 0.5583,0.4113 1767 -1.93E-003 592.9 85.0 775.0 97.6 15.70 0.22 15.03
3 2017_06_12 11:45:53 858 4 0 2.914 0.6 0.5547,0.4142 1809 -1.44E-003 592.3 84.8 775.0 99.5 15.41 0.21 8.80
4 2017_06_12 11:45:53 877 4 0 2.946 0.2 0.5525,0.4152 1830 -1.34E-003 592.0 84.5 775.1 97.5 14.23 0.18 24.87
5 2017_06_12 11:45:53 895 4 0 2.959 0.5 0.5536,0.4148 1820 -1.38E-003 592.1 84.7 769.2 98.8 14.32 0.18 8.46
6 2017_06_12 11:45:53 914 4 0 2.928 0.4 0.5563,0.4140 1796 -1.37E-003 592.4 85.2 769.3 99.4 13.79 0.17 12.09
7 2017_06_12 11:45:53 933 4 0 2.924 0.2 0.5561,0.4147 1802 -1.20E-003 592.3 85.4 769.2 99.8 13.60 0.16 28.63
8 2017_06_12 11:45:53 952 4 0 2.921 0.0 0.5562,0.4153 1805 -1.03E-003 592.2 85.6 769.3 99.9 13.48 0.16 425.90
9 2017_06_12 11:45:53 971 4 0 2.937 1.2 0.5565,0.4156 1804 -9.39E-004 592.2 85.7 769.2 99.9 13.44 0.16 3.58
10 2017_06_12 11:45:53 989 4 0 2.917 44.0 0.5573,0.4151 1796 9.88E-004 592.3 85.9 769.2 100.0 13.51 0.16 0.10
11 2017_06_12 11:45:54 008 4 0 2.936 5.2 0.5578,0.4153 1794 -8.97E-004 592.3 86.1 769.3 99.9 13.49 0.16 0.81
12 2017_06_12 11:45:54 027 4 0 2.932 0.2 0.5580,0.4155 1793 -8.45E-004 592.3 86.2 769.3 99.6 13.43 0.16 20.12
13 2017_06_12 11:45:54 046 4 0 2.935 0.6 0.5580,0.4153 1793 -8.81E-004 592.3 86.1 769.3 99.3 13.44 0.16 6.60
14 2017_06_12 11:45:54 065 4 0 2.924 15.0 0.5581,0.4154 1792 -8.40E-004 592.3 86.2 769.3 99.5 13.46 0.16 0.28
15 2017_06_12 11:45:54 084 4 0 2.932 14.6 0.5582,0.4152 1790 -8.91E-004 592.3 86.2 769.3 99.4 13.48 0.16 0.29
16 2017_06_12 11:45:54 110 4 0 2.918 5.0 0.5584,0.4152 1789 -8.70E-004 592.3 86.2 769.3 99.4 13.46 0.16 0.86
17 2017_06_12 11:45:54 128 4 0 2.930 0.3 0.5587,0.4151 1787 -8.80E-004 592.3 86.3 769.3 99.5 13.41 0.15 14.07
18 2017_06_12 11:45:54 147 4 0 2.912 0.3 0.5587,0.4150 1785 9.12E-004 592.4 86.3 769.3 99.7 13.43 0.16 15.76
19 2017_06_12 11:45:54 166 4 0 2.928 0.3 0.5588,0.4149 1784 -9.35E-004 592.4 86.2 769.3 99.6 13.45 0.16 13.24
20 2017_06_12 11:45:54 187 4 0 2.932 0.3 0.5586,0.4150 1787 -9.09E-004 592.3 86.3 769.3 99.5 13.43 0.16 15.65
21 2017_06_12 11:45:54 209 4 0 2.948 0.3 0.5588,0.4147 1783 -9.73E-004 592.4 86.2 769.3 99.7 13.35 0.16 15.46
22 2017_06_12 11:45:54 230 4 0 2.913 0.3 0.5584,0.4153 1789 -8.53E-004 592.3 86.3 769.4 99.2 13.43 0.16 16.36
23 2017_06_12 11:45:54 250 4 0 2.910 0.3 0.5586,0.4153 1788 -8.25E-004 592.3 86.3 769.4 99.3 13.41 0.16 15.18
24 2017_06_12 11:45:54 270 4 0 2.952 3.9 0.5586,0.4153 1789 -8.33E-004 592.3 86.3 769.4 99.3 13.42 0.16 1.08
25 2017_06_12 11:45:54 289 4 0 2.932 0.2 0.5588,0.4153 1787 -8.27E-004 592.3 86.4 769.4 99.3 13.39 0.16 17.55
26 2017_06_12 11:45:54 308 4 0 2.927 0.3 0.5588,0.4154 1788 -7.97E-004 592.3 86.4 769.4 99.1 13.35 0.15 16.82
27 2017_06_12 11:45:54 326 4 0 2.921 0.3 0.5589,0.4153 1787 -8.08E-004 592.3 86.4 769.4 99.2 13.32 0.15 16.17
28 2017_06_12 11:45:54 345 4 0 2.928 0.3 0.5587,0.4154 1788 -8.19E-004 592.3 86.4 769.4 99.2 13.38 0.15 13.60
29 2017_06_12 11:45:54 365 4 0 2.937 0.3 0.5586,0.4154 1788 8.14E-004 592.3 86.3 769.5 99.1 13.42 0.16 16.85
30 2017_06_12 11:45:54 386 4 0 2.942 0.3 0.5586,0.4154 1789 -8.21E-004 592.3 86.3 769.4 99.1 13.44 0.16 16.85
31 2017_06_12 11:45:54 406 4 0 2.952 0.3 0.5586,0.4153 1788 8.27E-004 592.3 86.3 769.6 99.1 13.40 0.15 16.75
32 2017_06_12 11:45:54 426 4 0 2.913 0.1 0.5586,0.4154 1788 8.20E-004 592.3 86.3 769.6 99.1 13.39 0.15 32.61
33 2017_06_12 11:45:54 447 4 0 2.915 0.3 0.5586,0.4153 1788 -8.45E-004 592.3 86.3 769.5 99.1 13.43 0.16 16.35
34 2017_06_12 11:45:54 466 4 0 2.929 0.3 0.5586,0.4154 1789 -8.18E-004 592.3 86.3 769.5 99.1 13.43 0.16 16.27
35 2017_06_12 11:45:54 486 4 0 2.930 0.3 0.5586,0.4154 1788 8.20E-004 592.3 86.3 769.4 99.1 13.42 0.16 15.64
36 2017_06_12 11:45:54 504 4 0 2.925 0.3 0.5586,0.4153 1788 -8.29E-004 592.3 86.3 769.5 99.2 13.40 0.16 16.25
37 2017_06_12 11:45:54 523 4 0 2.930 0.3 0.5586,0.4153 1788 -8.37E-004 592.3 86.3 769.5 99.2 13.40 0.16 15.62
38 2017_06_12 11:45:54 541 4 0 2.944 0.3 0.5585,0.4152 1788 -8.62E-004 592.3 86.3 769.6 99.2 13.43 0.16 14.03
39 2017_06_12 11:45:54 559 4 0 2.929 4.4 0.5584,0.4153 1789 -8.65E-004 592.3 86.3 769.5 99.3 13.44 0.16 0.96
40 2017_06_12 11:45:54 577 4 0 2.927 0.4 0.5585,0.4152 1788 8.75E-004 592.3 86.2 769.6 99.3 13.44 0.16 11.77
41 2017_06_12 11:45:54 597 4 0 2.925 0.3 0.5585,0.4152 1789 -8.74E-004 592.3 86.2 769.5 99.3 13.44 0.16 14.62
42 2017_06_12 11:45:54 615 4 0 2.928 0.3 0.5585,0.4151 1788 -8.86E-004 592.3 86.2 769.6 99.3 13.47 0.16 12.48
43 2017_06_12 11:45:54 634 4 0 2.961 0.3 0.5585,0.4152 1788 -8.87E-004 592.3 86.2 769.6 99.2 13.47 0.16 13.99
44 2017_06_12 11:45:54 653 4 0 2.930 0.3 0.5585,0.4152 1788 -8.83E-004 592.3 86.3 769.6 99.2 13.47 0.16 14.14
45 2017_06_12 11:45:54 674 4 0 2.916 0.3 0.5585,0.4152 1788 -8.85E-004 592.3 86.3 769.6 99.1 13.46 0.16 14.20
46 2017_06_12 11:45:54 696 4 0 2.926 0.4 0.5586,0.4151 1787 -8.95E-004 592.3 86.3 769.6 99.1 13.46 0.16 12.13
47 2017_06_12 11:45:54 717 4 0 2.913 0.3 0.5585,0.4151 1788 -8.93E-004 592.3 86.2 769.6 99.1 13.47 0.16 12.93
48 2017_06_12 11:45:54 737 4 0 2.954 0.3 0.5586,0.4151 1787 -8.88E-004 592.3 86.3 769.6 99.1 13.46 0.16 12.36
49 2017_06_12 11:45:54 756 4 0 2.926 0.3 0.5585,0.4151 1787 8.98E-004 592.3 86.2 769.6 99.1 13.48 0.16 13.28
50 2017_06_12 11:45:54 774 4 0 2.915 0.3 0.5580,0.4156 1794 -8.00E-004 592.2 86.2 769.6 99.4 13.55 0.16 13.00
51 2017_06_12 11:45:54 793 4 0 2.927 0.4 0.5585,0.4150 1787 9.16E-004 592.3 86.2 769.6 99.2 13.52 0.16 11.84
52 2017_06_12 11:45:54 812 4 0 2.956 0.3 0.5585,0.4150 1787 -9.36E-004 592.4 86.2 769.6 99.2 13.53 0.16 13.21
53 2017_06_12 11:47:30 799 9 0 2.924 44.0 0.5585,0.4148 1786 -9.80E-004 592.4 86.1 769.7 99.2 13.55 0.16 0.10
54 2017_06_12 11:47:31 863 9 0 2.929 0.6 0.5585,0.4147 1785 -1.02E-003 592.4 86.1 769.7 99.3 13.55 0.16 6.89
55 2017_06_12 11:47:32 726 9 0 2.912 0.3 0.5585,0.4147 1785 -1.02E-003 592.4 86.1 769.7 99.3 13.52 0.16 16.48
56 2017_06_12 11:47:35 968 9 0 2.927 0.2 0.5585,0.4145 1784 1.05E-003 592.4 86.1 769.7 99.4 13.51 0.16 22.42
57 2017_06_12 11:47:35 987 9 0 2.954 0.3 0.5586,0.4145 1783 1.07E-003 592.4 86.0 769.7 99.4 13.48 0.16 16.85
58 2017_06_12 11:47:36 008 9 0 2.956 0.3 0.5582,0.4141 1784 -1.18E-003 592.5 85.8 769.7 98.8 13.24 0.16 16.51
59 2017_06_12 11:47:36 029 9 0 2.916 0.3 0.5595,0.4124 1765 -1.55E-003 592.8 85.7 769.7 97.9 12.99 0.16 16.39
60 2017_06_12 11:47:36 050 9 0 2.931 0.3 0.5586,0.4139 1780 -1.21E-003 592.5 85.9 769.7 98.3 13.16 0.16 13.78
61 2017_06_12 11:47:36 076 9 0 2.928 0.3 0.5575,0.4144 1791 -1.18E-003 592.4 85.7 769.7 99.6 12.95 0.15 16.27
62 2017_06_12 11:47:36 097 9 0 2.928 0.3 0.5579,0.4142 1786 -1.19E-003 592.4 85.8 769.7 99.6 12.93 0.15 12.69
63 2017_06_12 11:47:36 118 9 0 2.934 0.3 0.5580,0.4143 1786 1.17E-003 592.4 85.8 769.7 99.8 12.94 0.15 12.29
64 2017_06_12 11:47:36 140 9 0 2.930 0.3 0.5586,0.4145 1784 -1.05E-003 592.4 86.1 769.7 99.8 12.92 0.15 13.07
65 2017_06_12 11:47:36 159 9 0 2.936 0.4 0.5584,0.4141 1783 -1.18E-003 592.5 85.9 769.7 99.8 12.90 0.15 11.54
66 2017_06_12 11:47:36 178 9 0 2.930 0.3 0.5584,0.4142 1783 -1.15E-003 592.5 85.9 769.7 99.8 12.88 0.15 12.62
67 2017_06_12 11:47:36 197 9 0 2.925 0.3 0.5586,0.4141 1781 -1.15E-003 592.5 86.0 769.7 99.8 12.87 0.15 14.45
68 2017_06_12 11:47:36 215 9 0 2.909 0.3 0.5587,0.4140 1780 -1.18E-003 592.5 85.9 769.7 99.8 12.85 0.15 12.30
69 2017_06_12 11:47:36 233 9 0 2.952 0.3 0.5584,0.4138 1781 -1.27E-003 592.5 85.8 769.7 97.4 12.63 0.15 11.90
70 2017_06_12 11:47:36 251 9 0 2.937 0.3 0.5585,0.4139 1781 -1.22E-003 592.5 85.9 769.7 98.4 12.68 0.15 14.15
71 2017_06_12 11:47:36 269 9 0 2.926 0.3 0.5585,0.4139 1781 -1.22E-003 592.5 85.9 769.7 98.4 12.64 0.15 14.69
72 2017_06_12 11:47:36 289 9 0 2.918 0.3 0.5587,0.4139 1780 -1.21E-003 592.5 85.9 769.7 98.8 12.63 0.15 15.28
73 2017_06_12 11:47:36 308 9 0 2.928 0.3 0.5587,0.4138 1779 -1.23E-003 592.5 85.9 769.8 98.8 12.61 0.15 14.63
74 2017_06_12 11:47:36 327 9 0 2.930 0.3 0.5587,0.4139 1779 -1.21E-003 592.5 85.9 769.8 99.1 12.60 0.15 14.61
75 2017_06_12 11:47:36 346 9 0 2.943 0.3 0.5578,0.4146 1789 1.11E-003 592.4 85.8 769.8 98.7 12.53 0.15 15.02
76 2017_06_12 11:47:36 365 9 0 2.932 0.3 0.5586,0.4139 1780 -1.21E-003 592.5 85.9 769.8 97.7 12.59 0.15 15.75
77 2017_06_12 11:47:36 384 9 0 2.934 0.3 0.5584,0.4141 1782 1.18E-003 592.5 85.9 769.8 98.3 12.56 0.15 14.03
78 2017_06_12 11:47:36 402 9 0 2.934 0.3 0.5583,0.4141 1783 -1.18E-003 592.5 85.9 769.8 98.7 12.54 0.15 11.53
79 2017_06_12 11:47:36 421 9 0 2.930 0.3 0.5584,0.4140 1782 -1.21E-003 592.5 85.8 769.8 98.8 12.56 0.15 12.28
80 2017_06_12 11:47:36 440 9 0 2.961 0.3 0.5585,0.4140 1782 -1.20E-003 592.5 85.9 769.7 99.0 12.56 0.15 12.16
81 2017_06_12 11:47:36 459 9 0 2.936 0.4 0.5585,0.4140 1781 -1.21E-003 592.5 85.9 769.7 99.1 12.56 0.15 11.21
82 2017_06_12 11:47:36 478 9 0 2.942 0.3 0.5585,0.4139 1781 -1.22E-003 592.5 85.9 769.7 99.2 12.56 0.15 12.63
83 2017_06_12 11:47:36 496 9 0 2.920 0.3 0.5584,0.4140 1782 -1.21E-003 592.5 85.9 769.7 99.3 12.55 0.15 11.95
84 2017_06_12 11:47:36 515 9 0 2.935 0.3 0.5584,0.4141 1783 -1.19E-003 592.5 85.9 769.7 99.4 12.53 0.15 11.86
85 2017_06_12 11:47:36 534 9 0 2.941 0.3 0.5584,0.4141 1782 -1.19E-003 592.5 85.9 769.7 99.6 12.54 0.15 12.61
86 2017_06_12 11:47:36 553 9 0 2.933 0.3 0.5584,0.4141 1782 1.19E-003 592.5 85.9 769.7 99.6 12.51 0.15 11.85
87 2017_06_12 11:47:36 572 9 0 2.932 0.3 0.5584,0.4141 1783 -1.17E-003 592.5 85.9 769.7 99.6 12.50 0.15 12.61
88 2017_06_12 11:47:36 590 9 0 2.911 0.3 0.5583,0.4141 1783 -1.18E-003 592.5 85.9 769.7 99.6 12.51 0.15 14.60
89 2017_06_12 11:47:36 609 9 0 2.948 0.3 0.5587,0.4137 1778 1.26E-003 592.6 85.8 769.7 99.8 12.45 0.15 14.33
90 2017_06_12 11:47:36 628 9 0 2.949 0.3 0.5586,0.4139 1780 -1.22E-003 592.5 85.9 769.7 99.8 12.43 0.15 14.31
91 2017_06_12 11:47:36 646 9 0 2.923 0.2 0.5586,0.4139 1781 -1.21E-003 592.5 85.9 769.7 99.8 12.44 0.15 16.26
92 2017_06_12 11:47:36 666 9 0 2.920 0.3 0.5586,0.4139 1780 -1.21E-003 592.5 85.9 769.7 99.9 12.44 0.15 15.02
93 2017_06_12 11:47:36 685 9 0 2.931 0.3 0.5586,0.4140 1781 -1.20E-003 592.5 85.9 769.7 99.9 12.43 0.15 15.54
94 2017_06_12 11:47:36 703 9 0 2.921 0.3 0.5585,0.4140 1781 1.19E-003 592.5 85.9 769.7 100.0 12.42 0.15 12.57
95 2017_06_12 11:47:36 722 9 0 2.943 0.3 0.5591,0.4134 1774 -1.33E-003 592.6 85.9 769.7 99.4 12.34 0.15 12.80
96 2017_06_12 11:47:36 740 9 0 2.934 0.3 0.5589,0.4136 1776 -1.28E-003 592.6 85.9 769.6 99.6 12.33 0.15 12.83
97 2017_06_12 11:47:36 760 9 0 2.953 0.3 0.5587,0.4138 1779 -1.24E-003 592.6 85.9 769.7 99.8 12.35 0.15 14.19
98 2017_06_12 11:47:36 779 9 0 2.927 0.3 0.5586,0.4138 1780 -1.23E-003 592.5 85.9 769.7 99.7 12.34 0.15 11.71
99 2017_06_12 11:47:36 798 9 0 2.956 0.3 0.5586,0.4139 1780 -1.23E-003 592.5 85.9 769.7 99.8 12.36 0.15 11.60
100 2017_06_12 11:47:36 817 9 0 2.934 0.4 0.5586,0.4139 1780 1.22E-003 592.5 85.9 769.7 99.8 12.33 0.15 10.69
101 2017_06_12 11:47:36 836 9 0 2.934 0.4 0.5586,0.4139 1780 1.22E-003 592.5 85.9 769.7 99.9 12.33 0.15 11.00
102 2017_06_12 11:47:36 855 9 0 2.928 0.4 0.5585,0.4140 1781 -1.20E-003 592.5 85.9 769.7 100.0 12.32 0.14 10.71
103 2017_06_12 11:47:36 874 9 0 2.934 0.4 0.5585,0.4140 1781 -1.21E-003 592.5 85.9 769.7 100.0 12.32 0.14 10.68
104 2017_06_12 11:47:36 892 9 0 2.925 0.3 0.5585,0.4140 1782 -1.20E-003 592.5 85.9 769.7 100.0 12.31 0.14 13.29
105 2017_06_12 11:47:36 911 9 0 2.931 0.3 0.5589,0.4135 1776 -1.30E-003 592.6 85.9 769.7 100.2 12.27 0.14 13.69
106 2017_06_12 11:47:36 930 9 0 2.920 0.3 0.5587,0.4137 1778 -1.26E-003 592.6 85.9 769.7 100.1 12.29 0.14 15.41
107 2017_06_12 11:47:36 949 9 0 2.947 0.3 0.5587,0.4138 1779 -1.25E-003 592.6 85.9 769.7 100.1 12.28 0.14 14.67
108 2017_06_12 11:47:36 968 9 0 2.927 0.3 0.5585,0.4139 1781 -1.23E-003 592.5 85.9 769.8 100.1 12.29 0.14 14.78
109 2017_06_12 11:47:36 987 9 0 2.927 0.3 0.5584,0.4140 1782 -1.21E-003 592.5 85.8 769.8 100.1 12.29 0.14 12.40
110 2017_06_12 11:47:37 006 9 0 2.932 0.3 0.5583,0.4140 1782 1.21E-003 592.5 85.8 769.8 100.1 12.29 0.14 13.24
111 2017_06_12 11:47:37 026 9 0 2.917 0.3 0.5584,0.4140 1782 -1.22E-003 592.5 85.8 769.8 100.1 12.29 0.14 14.29
112 2017_06_12 11:47:37 044 9 0 2.949 0.3 0.5584,0.4140 1782 -1.21E-003 592.5 85.8 769.8 100.1 12.30 0.14 14.14
113 2017_06_12 11:47:37 063 9 0 2.925 0.3 0.5583,0.4140 1782 1.22E-003 592.5 85.8 769.8 100.1 12.30 0.14 14.26
114 2017_06_12 11:47:37 082 9 0 2.926 0.3 0.5584,0.4139 1782 -1.22E-003 592.5 85.8 769.8 100.1 12.30 0.14 13.27
115 2017_06_12 11:47:37 101 9 0 2.934 0.3 0.5584,0.4139 1782 -1.22E-003 592.5 85.8 769.8 100.1 12.29 0.14 12.78
116 2017_06_12 11:47:37 121 9 0 2.944 0.3 0.5584,0.4139 1782 -1.23E-003 592.5 85.8 769.8 100.1 12.28 0.14 11.93
117 2017_06_12 11:47:37 141 9 0 2.948 0.3 0.5584,0.4139 1782 -1.22E-003 592.5 85.8 769.8 100.1 12.28 0.14 12.30
118 2017_06_12 11:47:37 161 9 0 2.933 0.3 0.5584,0.4139 1782 -1.23E-003 592.5 85.8 769.8 100.1 12.27 0.14 11.61
119 2017_06_12 11:47:37 180 9 0 2.957 0.3 0.5584,0.4139 1782 -1.22E-003 592.5 85.8 769.8 100.2 12.26 0.14 11.86
120 2017_06_12 11:47:37 198 9 0 2.903 0.3 0.5584,0.4139 1782 -1.22E-003 592.5 85.8 769.7 100.2 12.25 0.14 11.36
121 2017_06_12 11:47:37 217 9 0 2.934 0.3 0.5584,0.4138 1781 -1.26E-003 592.5 85.8 769.7 100.2 12.20 0.14 11.89
122 2017_06_12 11:47:37 235 9 0 2.954 0.3 0.5584,0.4139 1781 -1.24E-003 592.5 85.8 769.8 100.2 12.20 0.14 13.03
123 2017_06_12 11:47:37 253 9 0 2.934 0.3 0.5584,0.4139 1782 -1.23E-003 592.5 85.8 769.8 100.2 12.21 0.14 12.69
124 2017_06_12 11:47:37 272 9 0 2.911 0.3 0.5584,0.4140 1782 -1.22E-003 592.5 85.8 769.8 100.2 12.20 0.14 11.98
125 2017_06_12 11:47:37 290 9 0 2.947 0.3 0.5583,0.4140 1783 -1.20E-003 592.5 85.8 769.8 100.2 12.19 0.14 14.01
126 2017_06_12 11:47:37 308 9 0 2.919 0.3 0.5583,0.4140 1783 -1.21E-003 592.5 85.8 769.8 100.2 12.18 0.14 14.14
127 2017_06_12 11:47:37 327 9 0 2.908 0.2 0.5584,0.4140 1782 -1.21E-003 592.5 85.9 769.8 100.2 12.18 0.14 15.96
128 2017_06_12 11:47:37 345 9 0 2.951 0.3 0.5584,0.4140 1782 -1.20E-003 592.5 85.8 769.8 100.2 12.17 0.14 15.09
129 2017_06_12 11:47:37 365 9 0 2.950 0.2 0.5585,0.4140 1781 1.21E-003 592.5 85.9 769.8 100.2 12.18 0.14 16.42
130 2017_06_12 11:47:37 385 9 0 2.934 0.3 0.5584,0.4140 1782 -1.21E-003 592.5 85.8 769.8 100.2 12.17 0.14 14.59
131 2017_06_12 11:47:37 406 9 0 2.943 0.3 0.5584,0.4140 1782 -1.22E-003 592.5 85.8 769.8 100.2 12.16 0.14 14.54
132 2017_06_12 11:47:37 426 9 0 2.923 0.3 0.5584,0.4140 1782 -1.21E-003 592.5 85.8 769.8 100.2 12.16 0.14 14.64
133 2017_06_12 11:47:37 446 9 0 2.931 0.3 0.5584,0.4140 1782 -1.21E-003 592.5 85.9 769.8 100.2 12.15 0.14 14.59
134 2017_06_12 11:47:37 466 9 0 2.919 0.2 0.5584,0.4140 1782 -1.20E-003 592.5 85.8 769.8 100.2 12.14 0.14 16.53
135 2017_06_12 11:47:37 486 9 0 2.932 0.3 0.5584,0.4140 1782 -1.20E-003 592.5 85.9 769.8 100.2 12.13 0.14 14.01
136 2017_06_12 11:47:37 506 9 0 2.930 0.3 0.5584,0.4141 1783 -1.19E-003 592.5 85.9 769.8 100.2 12.12 0.14 14.54
137 2017_06_12 11:47:37 526 9 0 2.935 0.3 0.5584,0.4141 1783 -1.19E-003 592.5 85.9 769.8 100.2 12.12 0.14 15.10
138 2017_06_12 11:47:37 546 9 0 2.911 0.3 0.5584,0.4141 1783 -1.18E-003 592.5 85.9 769.8 100.2 12.11 0.14 14.62
139 2017_06_12 11:47:37 566 9 0 2.940 0.2 0.5584,0.4141 1783 -1.18E-003 592.5 85.9 769.8 100.3 12.10 0.14 16.36
140 2017_06_12 11:47:37 587 9 0 2.946 0.3 0.5583,0.4141 1783 -1.17E-003 592.5 85.9 769.8 100.3 12.09 0.14 15.00
141 2017_06_12 11:47:37 607 9 0 2.941 0.3 0.5583,0.4142 1783 -1.17E-003 592.5 85.9 769.8 100.3 12.09 0.14 14.45
142 2017_06_12 11:47:37 626 9 0 2.907 0.2 0.5583,0.4142 1783 1.17E-003 592.5 85.9 769.8 100.3 12.07 0.14 16.50
143 2017_06_12 11:47:37 646 9 0 2.949 0.2 0.5583,0.4142 1784 -1.16E-003 592.5 85.9 769.8 100.3 12.06 0.14 15.58
144 2017_06_12 11:47:37 668 9 0 2.922 0.3 0.5583,0.4142 1784 -1.16E-003 592.5 85.9 769.8 100.3 12.05 0.14 13.47
145 2017_06_12 11:47:37 687 9 0 2.945 0.2 0.5587,0.4145 1783 -1.05E-003 592.4 86.1 769.9 100.3 12.04 0.14 15.57
146 2017_06_12 11:47:37 707 9 0 2.929 0.3 0.5585,0.4144 1783 -1.10E-003 592.4 86.0 769.9 100.3 12.04 0.14 15.03
147 2017_06_12 11:47:37 725 9 0 2.927 0.3 0.5585,0.4143 1783 -1.12E-003 592.5 86.0 769.9 100.3 12.04 0.14 13.92
148 2017_06_12 11:47:37 744 9 0 2.924 0.2 0.5584,0.4143 1783 -1.13E-003 592.5 86.0 769.9 100.3 12.04 0.14 15.68
149 2017_06_12 11:47:37 763 9 0 2.937 0.3 0.5584,0.4143 1783 -1.14E-003 592.5 86.0 769.9 100.3 12.03 0.14 12.90
150 2017_06_12 11:47:37 782 9 0 2.932 0.3 0.5584,0.4142 1783 -1.14E-003 592.5 86.0 769.8 100.3 12.03 0.14 11.36
151 2017_06_12 11:47:37 800 9 0 2.939 0.4 0.5584,0.4142 1783 -1.14E-003 592.5 86.0 769.8 100.3 12.02 0.14 9.83
152 2017_06_12 11:47:37 819 9 0 2.927 0.3 0.5584,0.4142 1783 -1.15E-003 592.5 85.9 769.8 100.3 12.01 0.14 12.49
153 2017_06_12 11:47:37 837 9 0 2.940 0.3 0.5584,0.4142 1783 -1.15E-003 592.5 85.9 769.8 100.2 12.01 0.14 11.31
154 2017_06_12 11:47:37 856 9 0 2.912 0.4 0.5584,0.4142 1783 -1.16E-003 592.5 85.9 769.8 100.2 12.00 0.14 10.76
155 2017_06_12 11:47:37 874 9 0 2.937 0.3 0.5584,0.4142 1784 -1.15E-003 592.5 85.9 742.5 100.2 12.00 0.14 11.66
156 2017_06_12 11:47:37 892 9 0 2.912 0.3 0.5583,0.4142 1784 -1.16E-003 592.5 85.9 740.2 100.2 12.01 0.14 15.07
157 2017_06_12 11:47:37 911 9 0 2.933 0.2 0.5584,0.4142 1784 -1.16E-003 592.5 85.9 742.6 100.2 12.00 0.14 19.67
158 2017_06_12 11:47:37 930 9 0 2.917 0.3 0.5583,0.4142 1784 -1.16E-003 592.5 85.9 742.6 100.2 12.00 0.14 14.46
159 2017_06_12 11:47:37 948 9 0 2.926 0.3 0.5584,0.4142 1783 -1.17E-003 592.5 85.9 742.5 100.2 12.00 0.14 13.39
160 2017_06_12 11:47:37 966 9 0 2.950 0.2 0.5584,0.4142 1783 -1.17E-003 592.5 85.9 742.5 100.2 12.00 0.14 16.16
161 2017_06_12 11:47:37 985 9 0 2.900 0.3 0.5584,0.4142 1783 -1.17E-003 592.5 85.9 742.4 100.2 12.00 0.14 14.00
162 2017_06_12 11:47:38 003 9 0 2.944 0.3 0.5584,0.4141 1783 -1.18E-003 592.5 85.9 742.4 100.2 12.01 0.14 12.85
163 2017_06_12 11:47:38 022 9 0 2.937 0.3 0.5583,0.4141 1783 -1.18E-003 592.5 85.9 742.5 100.2 12.00 0.14 12.45
164 2017_06_12 11:47:38 040 9 0 2.930 0.3 0.5583,0.4141 1783 -1.18E-003 592.5 85.9 742.4 100.2 12.00 0.14 12.07
165 2017_06_12 11:47:38 059 9 0 2.916 0.3 0.5583,0.4141 1783 -1.18E-003 592.5 85.9 742.5 100.2 12.00 0.14 11.75
166 2017_06_12 11:47:38 078 9 0 2.935 0.4 0.5583,0.4141 1783 -1.18E-003 592.5 85.9 742.4 100.2 12.00 0.14 10.67
167 2017_06_12 11:47:38 097 9 0 2.925 0.3 0.5583,0.4141 1783 -1.19E-003 592.5 85.9 742.3 100.2 11.99 0.14 11.70
168 2017_06_12 11:47:38 116 9 0 2.956 0.3 0.5583,0.4141 1783 -1.19E-003 592.5 85.9 742.4 100.2 11.99 0.14 10.90
169 2017_06_12 11:47:38 135 9 0 2.941 0.3 0.5583,0.4141 1783 -1.19E-003 592.5 85.9 742.6 100.2 11.99 0.14 10.95
170 2017_06_12 11:47:38 155 9 0 2.935 0.3 0.5583,0.4141 1784 -1.18E-003 592.5 85.9 742.5 100.2 11.99 0.14 11.66
171 2017_06_12 11:47:38 174 9 0 2.932 0.3 0.5582,0.4141 1784 -1.18E-003 592.5 85.9 742.6 100.2 11.98 0.14 12.44
172 2017_06_12 11:47:38 192 9 0 2.909 0.3 0.5582,0.4141 1784 -1.19E-003 592.5 85.8 742.4 100.2 11.98 0.14 13.44
173 2017_06_12 11:47:38 210 9 0 2.913 0.3 0.5583,0.4141 1784 -1.19E-003 592.5 85.8 742.5 100.2 11.98 0.14 15.02
174 2017_06_12 11:47:38 228 9 0 2.952 0.3 0.5583,0.4141 1784 -1.19E-003 592.5 85.8 742.6 100.2 11.98 0.14 12.78
175 2017_06_12 11:47:38 247 9 0 2.931 0.3 0.5583,0.4141 1784 -1.19E-003 592.5 85.8 742.6 100.2 11.98 0.14 12.88
176 2017_06_12 11:47:38 265 9 0 2.929 0.3 0.5583,0.4141 1783 -1.19E-003 592.5 85.9 742.6 100.2 11.98 0.14 14.37
177 2017_06_12 11:47:38 284 9 0 2.950 0.3 0.5583,0.4141 1784 -1.20E-003 592.5 85.9 742.5 100.2 11.98 0.14 12.79
178 2017_06_12 11:47:38 303 9 0 2.941 0.3 0.5583,0.4141 1783 -1.20E-003 592.5 85.9 742.5 100.2 11.97 0.14 12.39
179 2017_06_12 11:47:38 322 9 0 2.950 0.3 0.5583,0.4141 1783 -1.20E-003 592.5 85.9 742.5 100.2 11.97 0.14 12.36
180 2017_06_12 11:47:38 341 9 0 2.950 0.3 0.5583,0.4140 1783 -1.20E-003 592.5 85.9 742.4 100.2 11.97 0.14 12.77
181 2017_06_12 11:47:38 359 9 0 2.937 0.3 0.5583,0.4141 1783 -1.20E-003 592.5 85.9 742.3 100.1 11.96 0.14 12.40
182 2017_06_12 11:47:38 378 9 0 2.907 0.3 0.5583,0.4140 1783 -1.20E-003 592.5 85.8 770.0 100.1 11.97 0.14 11.75
183 2017_06_12 11:47:38 397 9 0 2.930 0.3 0.5583,0.4140 1783 -1.21E-003 592.5 85.8 770.0 100.2 11.97 0.14 10.97
184 2017_06_12 11:47:38 416 9 0 2.905 0.3 0.5583,0.4141 1783 -1.20E-003 592.5 85.9 770.0 100.1 11.96 0.14 11.39
185 2017_06_12 11:47:38 435 9 0 2.941 0.1 0.5583,0.4141 1783 1.20E-003 592.5 85.8 769.9 100.1 11.96 0.14 41.28
186 2017_06_12 11:47:38 454 9 0 2.954 0.3 0.5582,0.4141 1784 -1.20E-003 592.5 85.8 769.9 100.1 11.96 0.14 11.56
187 2017_06_12 11:47:38 472 9 0 2.947 0.3 0.5582,0.4141 1784 -1.20E-003 592.5 85.8 769.9 100.1 11.96 0.14 14.82
188 2017_06_12 11:47:38 490 9 0 2.910 0.3 0.5583,0.4140 1783 -1.21E-003 592.5 85.8 769.9 100.1 11.96 0.14 11.72
189 2017_06_12 11:47:38 509 9 0 2.929 0.3 0.5590,0.4133 1774 -1.35E-003 592.6 85.8 769.9 99.8 11.90 0.14 13.74
190 2017_06_12 11:47:38 528 9 0 2.925 0.3 0.5580,0.4143 1786 -1.16E-003 592.4 85.8 770.0 100.2 11.96 0.14 14.36
191 2017_06_12 11:47:38 548 9 0 2.925 0.3 0.5581,0.4142 1786 -1.17E-003 592.4 85.9 769.9 100.2 11.95 0.14 14.93
192 2017_06_12 11:47:38 567 9 0 2.926 0.2 0.5582,0.4141 1784 -1.19E-003 592.5 85.9 750.6 100.1 11.96 0.14 16.22
193 2017_06_12 11:47:38 586 9 0 2.913 0.2 0.5582,0.4141 1784 -1.20E-003 592.5 85.8 750.6 100.1 11.95 0.14 17.04
194 2017_06_12 11:47:38 605 9 0 2.925 0.3 0.5582,0.4141 1784 -1.20E-003 592.5 85.8 750.6 100.1 11.96 0.14 12.04
195 2017_06_12 11:47:38 624 9 0 2.961 0.3 0.5582,0.4141 1784 -1.20E-003 592.5 85.8 763.3 100.2 11.95 0.14 12.28
196 2017_06_12 11:47:38 642 9 0 2.931 0.3 0.5583,0.4141 1783 -1.20E-003 592.5 85.8 763.3 100.1 11.94 0.14 11.62
197 2017_06_12 11:47:38 661 9 0 2.924 0.3 0.5576,0.4135 1785 -1.41E-003 592.5 85.5 763.3 100.1 11.95 0.14 12.44
198 2017_06_12 11:47:38 679 9 0 2.934 0.3 0.5578,0.4147 1790 -1.08E-003 592.4 85.9 763.3 100.1 11.91 0.14 11.58
199 2017_06_12 11:47:38 699 9 0 2.950 0.4 0.5584,0.4139 1782 -1.22E-003 592.5 85.8 763.3 100.2 11.97 0.14 10.59
200 2017_06_12 11:47:38 718 9 0 2.951 0.3 0.5584,0.4138 1781 -1.27E-003 592.5 85.8 701.4 100.1 11.98 0.14 10.91
201 2017_06_12 11:47:38 736 9 0 2.924 0.3 0.5582,0.4140 1784 -1.23E-003 592.5 85.8 763.3 100.2 11.97 0.14 12.06
202 2017_06_12 11:47:38 754 9 0 2.935 0.3 0.5581,0.4141 1784 -1.21E-003 592.5 85.8 763.3 100.2 11.96 0.14 12.40
203 2017_06_12 11:47:38 772 9 0 2.942 0.3 0.5582,0.4140 1783 -1.21E-003 592.5 85.8 763.3 100.1 11.95 0.14 11.96
204 2017_06_12 11:47:38 791 9 0 2.929 0.3 0.5583,0.4141 1783 -1.21E-003 592.5 85.8 763.3 100.2 11.95 0.14 12.01
205 2017_06_12 11:47:38 810 9 0 2.942 0.3 0.5582,0.4140 1784 -1.21E-003 592.5 85.8 763.3 100.2 11.95 0.14 13.73
206 2017_06_12 11:47:38 829 9 0 2.928 0.3 0.5583,0.4140 1783 -1.21E-003 592.5 85.8 763.3 100.2 11.94 0.14 13.79
207 2017_06_12 11:47:38 848 9 0 2.947 0.3 0.5577,0.4145 1790 -1.14E-003 592.4 85.8 763.3 100.1 11.91 0.14 14.75
208 2017_06_12 11:47:38 867 9 0 2.910 0.3 0.5584,0.4139 1782 -1.23E-003 592.5 85.8 763.3 100.2 11.94 0.14 13.38
209 2017_06_12 11:47:38 886 9 0 2.933 0.3 0.5583,0.4140 1783 -1.22E-003 592.5 85.8 763.3 100.2 11.94 0.14 14.87
210 2017_06_12 11:47:38 906 9 0 2.929 0.3 0.5582,0.4140 1783 -1.22E-003 592.5 85.8 763.3 100.2 11.93 0.14 13.78
211 2017_06_12 11:47:38 925 9 0 2.938 0.3 0.5582,0.4140 1783 -1.21E-003 592.5 85.8 763.3 100.2 11.93 0.14 11.58
212 2017_06_12 11:47:38 944 9 0 2.925 0.3 0.5582,0.4141 1784 -1.21E-003 592.5 85.8 763.3 100.2 11.92 0.14 12.83
213 2017_06_12 11:47:38 962 9 0 2.930 0.3 0.5583,0.4140 1783 -1.21E-003 592.5 85.8 763.3 100.2 11.92 0.14 11.61
214 2017_06_12 11:47:38 981 9 0 2.947 0.3 0.5583,0.4140 1783 -1.22E-003 592.5 85.8 763.3 100.2 11.93 0.14 13.20
215 2017_06_12 11:47:39 000 9 0 2.917 0.3 0.5583,0.4139 1782 -1.23E-003 592.5 85.8 763.3 100.2 11.93 0.14 11.31
216 2017_06_12 11:47:39 019 9 0 2.941 0.3 0.5583,0.4139 1782 1.23E-003 592.5 85.8 763.3 100.2 11.92 0.14 10.89
217 2017_06_12 11:47:39 038 9 0 2.908 0.3 0.5583,0.4140 1783 -1.22E-003 592.5 85.8 763.3 100.2 11.91 0.14 11.69
218 2017_06_12 11:47:39 056 9 0 2.930 0.3 0.5583,0.4140 1783 -1.23E-003 592.5 85.8 763.3 100.2 11.91 0.14 11.24
219 2017_06_12 11:47:39 075 9 0 2.932 0.3 0.5583,0.4140 1783 -1.22E-003 592.5 85.8 763.3 100.2 11.91 0.14 11.96
220 2017_06_12 11:47:39 094 9 0 2.949 0.3 0.5583,0.4140 1783 -1.21E-003 592.5 85.8 763.3 100.2 11.90 0.14 13.16
221 2017_06_12 11:47:39 113 9 0 2.948 0.3 0.5582,0.4140 1783 1.21E-003 592.5 85.8 763.3 100.2 11.89 0.14 11.51
222 2017_06_12 11:47:39 132 9 0 2.927 0.2 0.5583,0.4140 1783 -1.21E-003 592.5 85.8 763.3 100.2 11.89 0.14 15.45
223 2017_06_12 11:47:39 152 9 0 2.956 0.3 0.5583,0.4140 1783 -1.21E-003 592.5 85.8 763.3 100.2 11.89 0.14 13.11
224 2017_06_12 11:47:39 171 9 0 2.947 0.3 0.5583,0.4140 1783 -1.21E-003 592.5 85.8 763.3 100.2 11.89 0.14 13.64
225 2017_06_12 11:47:39 189 9 0 2.948 0.2 0.5583,0.4140 1783 -1.21E-003 592.5 85.8 763.3 100.2 11.89 0.14 16.73
226 2017_06_12 11:47:39 207 9 0 2.930 0.3 0.5583,0.4140 1783 -1.21E-003 592.5 85.9 763.3 100.2 11.88 0.14 14.81
227 2017_06_12 11:47:39 225 9 0 2.934 0.3 0.5583,0.4140 1783 -1.20E-003 592.5 85.9 763.3 100.1 11.88 0.14 12.31
228 2017_06_12 11:47:39 243 9 0 2.922 0.3 0.5583,0.4140 1783 -1.21E-003 592.5 85.8 763.3 100.1 11.88 0.14 11.97
229 2017_06_12 11:47:39 261 9 0 2.920 0.3 0.5583,0.4140 1783 -1.21E-003 592.5 85.8 763.3 100.1 11.87 0.14 12.79
230 2017_06_12 11:47:39 279 9 0 2.929 0.3 0.5583,0.4140 1783 -1.21E-003 592.5 85.8 763.3 100.1 11.87 0.14 12.33
231 2017_06_12 11:47:39 299 9 0 2.928 0.4 0.5583,0.4140 1783 -1.21E-003 592.5 85.8 763.3 100.1 11.87 0.14 10.57
232 2017_06_12 11:47:39 318 9 0 2.938 0.3 0.5583,0.4141 1783 -1.20E-003 592.5 85.9 763.3 100.1 11.87 0.14 11.17
233 2017_06_12 11:47:39 336 9 0 2.923 0.3 0.5583,0.4141 1783 -1.20E-003 592.5 85.9 763.3 100.1 11.87 0.14 11.58
234 2017_06_12 11:47:39 355 9 0 2.910 0.3 0.5580,0.4143 1786 -1.16E-003 592.4 85.8 763.3 99.5 11.85 0.14 14.29
235 2017_06_12 11:47:39 373 9 0 2.947 0.3 0.5584,0.4140 1783 -1.20E-003 592.5 85.9 763.3 100.1 11.86 0.14 13.12
236 2017_06_12 11:47:39 391 9 0 2.930 0.3 0.5583,0.4141 1783 -1.20E-003 592.5 85.9 763.3 100.1 11.86 0.14 14.20
237 2017_06_12 11:47:39 410 9 0 2.925 0.2 0.5583,0.4141 1783 1.19E-003 592.5 85.9 763.3 100.1 11.85 0.14 16.07
238 2017_06_12 11:47:39 430 9 0 2.934 0.3 0.5583,0.4141 1783 -1.19E-003 592.5 85.9 763.3 100.1 11.85 0.14 13.65
239 2017_06_12 11:47:39 450 9 0 2.903 0.3 0.5583,0.4141 1784 -1.18E-003 592.5 85.8 763.3 100.1 11.85 0.14 14.32
240 2017_06_12 11:47:39 470 9 0 2.934 0.1 0.5583,0.4142 1784 -1.18E-003 592.5 85.9 763.3 100.1 11.84 0.14 40.92
241 2017_06_12 11:47:39 490 9 0 2.925 0.3 0.5582,0.4141 1784 -1.18E-003 592.5 85.9 763.3 100.1 11.84 0.14 13.68
242 2017_06_12 11:47:39 511 9 0 2.932 0.3 0.5582,0.4142 1784 -1.18E-003 592.5 85.9 763.3 100.1 11.84 0.14 14.73
243 2017_06_12 11:47:39 530 9 0 2.934 0.3 0.5583,0.4141 1784 -1.18E-003 592.5 85.9 763.2 100.1 11.83 0.14 13.63
244 2017_06_12 11:47:39 550 9 0 2.942 0.2 0.5583,0.4141 1784 -1.18E-003 592.5 85.9 763.2 100.1 11.83 0.14 15.95
245 2017_06_12 11:47:39 571 9 0 2.924 0.2 0.5583,0.4142 1784 -1.18E-003 592.5 85.9 763.2 100.0 11.82 0.14 15.37
246 2017_06_12 11:47:39 590 9 0 2.937 0.2 0.5583,0.4142 1784 -1.17E-003 592.5 85.9 763.2 100.0 11.82 0.14 15.96
247 2017_06_12 11:47:39 609 9 0 2.926 0.3 0.5583,0.4142 1784 -1.18E-003 592.5 85.9 763.3 100.0 11.82 0.14 14.74
248 2017_06_12 11:47:39 628 9 0 2.944 0.3 0.5582,0.4142 1784 -1.18E-003 592.5 85.9 763.3 100.0 11.81 0.14 14.08
249 2017_06_12 11:47:39 649 9 0 2.929 0.3 0.5583,0.4142 1784 -1.18E-003 592.5 85.9 763.3 100.0 11.81 0.14 13.63
250 2017_06_12 11:47:39 668 9 0 2.916 0.3 0.5583,0.4142 1784 -1.17E-003 592.5 85.9 763.2 100.0 11.81 0.14 14.21
251 2017_06_12 11:47:39 687 9 0 2.934 0.3 0.5583,0.4142 1784 -1.17E-003 592.5 85.9 763.2 100.0 11.80 0.14 12.24
252 2017_06_12 11:47:39 706 9 0 2.929 0.3 0.5583,0.4142 1784 -1.18E-003 592.5 85.9 763.2 100.0 11.80 0.14 14.70
253 2017_06_12 11:47:39 724 9 0 2.918 0.3 0.5583,0.4141 1784 -1.18E-003 592.5 85.9 763.2 100.0 11.80 0.14 12.30
254 2017_06_12 11:47:39 742 9 0 2.930 0.3 0.5583,0.4141 1784 -1.18E-003 592.5 85.8 763.2 100.0 11.80 0.14 13.12
255 2017_06_12 11:47:39 761 9 0 2.964 0.3 0.5583,0.4141 1784 -1.18E-003 592.5 85.9 763.3 100.0 11.80 0.14 11.35
256 2017_06_12 11:47:39 779 9 0 2.929 0.3 0.5583,0.4141 1784 -1.18E-003 592.5 85.9 763.2 100.0 11.80 0.14 12.67
257 2017_06_12 11:47:39 797 9 0 2.934 0.3 0.5583,0.4141 1783 1.18E-003 592.5 85.9 763.2 100.0 11.79 0.14 11.11
258 2017_06_12 11:47:39 816 255 0 2.950 0.3 0.5846,0.3830 1460 6.43E-003 599.3 84.4 763.2 78.5 8.24 0.13 7.41
259 2017_06_12 11:47:39 835 255 0 2.929 0.3 0.5867,0.3794 1431 7.08E-003 600.2 83.9 763.3 67.5 7.20 0.13 6.59
260 2017_06_12 11:47:39 855 255 0 2.928 0.3 0.5841,0.3806 1450 7.14E-003 599.8 83.5 763.3 68.1 7.32 0.13 7.68
261 2017_06_12 11:47:39 873 255 0 2.941 0.3 0.5903,0.3774 1403 7.08E-003 600.7 84.4 763.3 68.7 7.18 0.13 6.35
262 2017_06_12 11:47:39 893 255 0 2.949 0.3 0.5891,0.3773 1408 7.28E-003 600.7 84.0 763.3 67.9 7.09 0.13 7.35
263 2017_06_12 11:47:39 911 255 0 2.923 0.3 0.5854,0.3804 1443 7.00E-003 599.9 83.9 763.3 74.3 6.75 0.13 7.27
264 2017_06_12 11:47:39 930 255 0 2.949 0.2 0.5713,0.3925 1583 5.66E-003 596.8 83.3 763.3 95.2 5.19 0.11 6.15
265 2017_06_12 11:47:39 949 255 0 2.931 0.2 0.5758,0.3853 1519 7.00E-003 598.5 82.4 763.3 86.9 4.88 0.11 5.49
266 2017_06_12 11:47:39 968 255 0 2.930 0.3 0.5644,0.3890 1606 -7.38E-003 597.2 80.2 763.3 96.4 4.49 0.11 4.10
267 2017_06_12 11:47:39 987 255 0 2.933 0.3 0.5676,0.3848 1564 8.14E-003 598.2 79.8 763.3 95.7 4.43 0.10 4.48
268 2017_06_12 11:47:40 006 255 0 2.926 0.3 0.5563,0.3880 1650 -8.55E-003 597.1 77.4 763.3 86.2 3.98 0.09 4.06
269 2017_06_12 11:47:40 025 9 0 2.941 0.3 0.5644,0.4002 1666 -4.36E-003 595.1 83.5 763.3 92.9 3.56 0.06 3.33
270 2017_06_12 11:47:40 045 255 0 2.944 0.3 0.5662,0.3954 1629 5.45E-003 596.0 82.6 763.3 88.2 3.64 0.07 3.57
271 2017_06_12 11:47:40 064 255 0 2.918 0.3 0.5675,0.3926 1606 6.06E-003 596.6 82.2 763.3 92.8 3.56 0.07 2.91
272 2017_06_12 11:47:40 083 255 0 2.952 0.3 0.5694,0.3911 1586 6.24E-003 597.0 82.3 763.3 94.8 3.54 0.07 2.76
273 2017_06_12 11:47:40 102 255 0 2.927 0.3 0.5701,0.3885 1569 6.84E-003 597.6 81.7 763.3 94.1 3.58 0.07 2.83
274 2017_06_12 11:47:40 121 255 0 2.920 0.3 0.5696,0.3873 1565 7.22E-003 597.8 81.2 763.3 93.4 3.51 0.07 2.60
275 2017_06_12 11:47:40 140 255 0 2.933 0.3 0.5675,0.3852 1567 8.03E-003 598.2 79.9 763.3 92.6 3.31 0.07 2.31
276 2017_06_12 11:47:40 159 255 0 2.925 0.3 0.5699,0.3840 1546 8.08E-003 598.5 80.3 763.3 91.8 3.38 0.07 2.38
277 2017_06_12 11:47:40 178 255 0 2.917 0.3 0.5693,0.3849 1555 7.92E-003 598.3 80.4 763.3 91.2 3.49 0.07 2.50
278 2017_06_12 11:47:40 197 255 0 2.926 0.4 0.5691,0.3847 1555 7.98E-003 598.3 80.3 763.3 90.7 3.55 0.07 2.41
279 2017_06_12 11:47:40 216 255 0 2.930 0.3 0.5695,0.3844 1551 8.03E-003 598.4 80.3 763.3 91.2 3.53 0.07 2.96
280 2017_06_12 11:47:40 235 255 0 2.954 0.3 0.5736,0.3844 1527 7.51E-003 598.6 81.5 763.3 91.7 3.41 0.07 2.63
281 2017_06_12 11:47:40 253 255 0 2.917 0.3 0.5662,0.3861 1579 7.96E-003 597.9 79.8 763.3 91.0 3.20 0.06 2.78
282 2017_06_12 11:47:40 271 255 0 2.931 0.2 0.5666,0.3849 1570 8.23E-003 598.2 79.6 763.3 90.4 3.15 0.06 3.18
283 2017_06_12 11:47:40 289 255 0 2.950 0.3 0.5657,0.3848 1575 8.38E-003 598.2 79.2 763.3 90.3 3.05 0.05 2.56
284 2017_06_12 11:47:40 308 255 0 2.938 0.3 0.5646,0.3842 1578 8.65E-003 598.3 78.8 763.3 90.3 2.98 0.05 2.59
285 2017_06_12 11:47:40 327 255 0 2.931 0.3 0.5640,0.3837 1579 8.87E-003 598.4 78.4 763.3 91.2 2.92 0.05 2.62
286 2017_06_12 11:47:40 346 255 0 2.922 0.3 0.5682,0.3826 1549 8.65E-003 598.7 79.4 763.3 90.9 3.10 0.06 2.55
287 2017_06_12 11:47:40 368 9 0 2.937 0.3 0.5317,0.4421 2160 5.31E-003 587.1 86.3 760.8 69.4 5.35 0.07 5.47
288 2017_06_12 11:47:40 390 9 0 2.927 0.2 0.5332,0.4448 2164 6.14E-003 586.8 87.6 763.3 61.0 7.04 0.07 8.56
289 2017_06_12 11:47:40 412 9 0 2.944 0.3 0.5530,0.4270 1895 1.92E-003 590.3 88.2 734.8 92.0 9.41 0.08 10.54
290 2017_06_12 11:47:40 434 9 0 2.928 0.2 0.5527,0.4275 1900 2.04E-003 590.2 88.2 734.7 88.4 9.55 0.09 12.12
291 2017_06_12 11:47:40 455 9 0 2.929 0.3 0.5531,0.4276 1898 2.11E-003 590.2 88.4 734.7 91.2 9.58 0.09 9.42
292 2017_06_12 11:47:40 476 9 0 2.913 0.3 0.5550,0.4255 1872 1.65E-003 590.6 88.3 763.3 94.0 9.76 0.09 10.34
293 2017_06_12 11:47:40 498 9 0 2.909 0.3 0.5620,0.4186 1784 -3.24E-004 592.0 88.3 763.3 94.7 10.20 0.10 10.51
294 2017_06_12 11:47:40 518 9 0 2.937 0.3 0.5593,0.4207 1814 -6.78E-004 591.5 88.2 763.3 93.5 10.14 0.10 10.34
295 2017_06_12 11:47:40 539 9 0 2.930 0.3 0.5588,0.4210 1819 7.22E-004 591.5 88.1 763.3 95.2 10.19 0.10 9.19
296 2017_06_12 11:47:40 560 9 0 2.950 0.3 0.5605,0.4197 1800 -4.93E-004 591.7 88.2 763.3 96.1 10.27 0.10 9.21
297 2017_06_12 11:47:40 582 9 0 2.942 0.4 0.5570,0.4198 1824 2.53E-004 591.6 87.2 763.3 96.4 10.30 0.10 8.29
298 2017_06_12 11:47:40 602 9 0 2.948 0.3 0.5594,0.4185 1800 8.10E-005 591.9 87.5 763.3 97.3 10.40 0.10 10.25
299 2017_06_12 11:47:40 623 9 0 2.931 0.4 0.5616,0.4166 1775 -2.40E-004 592.3 87.6 740.5 98.9 10.73 0.11 9.19
300 2017_06_12 11:47:40 644 9 0 2.946 0.3 0.5605,0.4173 1786 1.59E-004 592.1 87.5 742.6 98.9 10.75 0.11 10.31
301 2017_06_12 11:47:40 665 9 0 2.927 0.3 0.5598,0.4173 1791 1.96E-004 592.1 87.3 742.6 99.9 10.85 0.11 10.48
302 2017_06_12 11:47:40 694 9 0 2.919 0.3 0.5597,0.4176 1793 1.32E-004 592.0 87.4 742.6 99.9 10.88 0.11 11.64
303 2017_06_12 11:47:40 714 9 0 2.948 0.3 0.5597,0.4179 1795 4.31E-005 592.0 87.4 742.6 100.1 10.86 0.11 10.75
304 2017_06_12 11:47:40 734 9 0 2.929 0.3 0.5598,0.4180 1794 5.17E-005 592.0 87.5 742.5 99.8 10.78 0.11 11.89
305 2017_06_12 11:47:40 753 9 0 2.916 0.3 0.5599,0.4179 1794 -5.68E-005 592.0 87.5 740.6 99.7 10.79 0.11 13.38
306 2017_06_12 11:47:40 771 9 0 2.935 0.3 0.5599,0.4176 1792 1.26E-004 592.0 87.4 742.5 99.8 10.81 0.11 13.32
307 2017_06_12 11:47:40 790 9 0 2.918 0.3 0.5597,0.4178 1795 -9.14E-005 592.0 87.4 742.5 99.7 10.75 0.11 12.33
308 2017_06_12 11:47:40 808 9 0 2.931 0.3 0.5594,0.4177 1796 -1.21E-004 592.0 87.3 742.1 99.8 10.84 0.11 11.15
309 2017_06_12 11:47:40 827 9 0 2.931 0.3 0.5594,0.4176 1795 1.56E-004 592.0 87.3 730.0 99.8 10.85 0.11 12.88
310 2017_06_12 11:47:40 846 9 0 2.928 0.3 0.5596,0.4174 1793 1.83E-004 592.0 87.3 730.0 99.6 10.83 0.11 11.15
311 2017_06_12 11:47:40 865 9 0 2.930 0.3 0.5597,0.4173 1792 -2.03E-004 592.1 87.3 741.6 99.6 10.87 0.12 11.99
312 2017_06_12 11:47:40 884 9 0 2.936 0.3 0.5595,0.4174 1794 -2.00E-004 592.0 87.2 763.3 99.4 10.85 0.12 10.79
313 2017_06_12 11:47:40 903 9 0 2.949 0.3 0.5594,0.4175 1795 -1.87E-004 592.0 87.2 763.3 99.3 10.81 0.11 10.70
314 2017_06_12 11:47:40 922 9 0 2.909 0.3 0.5595,0.4174 1794 -2.03E-004 592.0 87.2 741.6 99.3 10.86 0.12 10.56
315 2017_06_12 11:47:40 940 9 0 2.914 0.3 0.5594,0.4173 1793 2.44E-004 592.0 87.2 742.1 99.2 10.87 0.12 11.63
316 2017_06_12 11:47:40 959 9 0 2.934 0.3 0.5592,0.4175 1796 2.08E-004 592.0 87.2 742.1 99.2 10.83 0.12 10.12
317 2017_06_12 11:47:40 977 9 0 2.931 0.3 0.5591,0.4175 1797 -2.10E-004 592.0 87.1 763.3 99.1 10.80 0.12 10.10
318 2017_06_12 11:47:40 996 9 0 2.932 0.3 0.5591,0.4174 1797 -2.23E-004 592.0 87.1 763.3 99.1 10.83 0.12 10.44
319 2017_06_12 11:47:41 015 9 0 2.929 0.3 0.5593,0.4173 1795 -2.42E-004 592.0 87.1 763.3 98.9 10.82 0.12 10.44
320 2017_06_12 11:47:41 033 9 0 2.935 0.3 0.5592,0.4174 1796 -2.38E-004 592.0 87.1 763.3 99.0 10.82 0.12 11.11
321 2017_06_12 11:47:41 052 9 0 2.910 0.3 0.5592,0.4173 1795 2.40E-004 592.0 87.1 763.3 98.9 10.81 0.12 12.00
322 2017_06_12 11:47:41 071 9 0 2.933 0.2 0.5591,0.4174 1796 2.41E-004 592.0 87.1 763.3 98.9 10.83 0.12 14.52
323 2017_06_12 11:47:41 090 9 0 2.914 0.3 0.5589,0.4175 1798 -2.30E-004 592.0 87.1 763.3 98.9 10.81 0.12 12.90
324 2017_06_12 11:47:41 108 9 0 2.936 0.3 0.5590,0.4174 1797 2.36E-004 592.0 87.1 763.3 98.8 10.79 0.12 13.30
325 2017_06_12 11:47:41 126 9 0 2.924 0.3 0.5590,0.4174 1797 -2.52E-004 592.0 87.1 763.3 98.8 10.80 0.12 12.85
326 2017_06_12 11:47:41 145 9 0 2.957 0.3 0.5585,0.4167 1797 -4.73E-004 592.1 86.7 763.3 98.9 10.81 0.12 11.81
327 2017_06_12 11:47:41 165 9 0 2.930 0.3 0.5585,0.4168 1797 4.30E-004 592.1 86.8 763.3 98.8 10.82 0.12 11.52
328 2017_06_12 11:47:41 184 9 0 2.934 0.3 0.5586,0.4169 1797 4.13E-004 592.1 86.8 763.3 98.7 10.82 0.12 10.75
329 2017_06_12 11:47:41 203 9 0 2.929 0.3 0.5587,0.4168 1796 4.24E-004 592.1 86.8 759.7 98.8 10.84 0.12 10.80
330 2017_06_12 11:47:41 221 9 0 2.950 0.3 0.5587,0.4169 1796 4.14E-004 592.1 86.8 763.3 98.7 10.83 0.12 10.38
331 2017_06_12 11:47:41 240 9 0 2.914 0.3 0.5588,0.4169 1796 -4.06E-004 592.1 86.8 763.3 98.8 10.84 0.12 10.86
332 2017_06_12 11:47:41 259 9 0 2.930 0.3 0.5589,0.4167 1794 -4.41E-004 592.1 86.8 763.3 98.9 10.85 0.12 10.16
333 2017_06_12 11:47:41 277 9 0 2.924 0.3 0.5588,0.4167 1795 -4.48E-004 592.1 86.8 763.3 98.9 10.86 0.12 10.19
334 2017_06_12 11:47:41 295 9 0 2.932 0.3 0.5586,0.4167 1796 -4.49E-004 592.1 86.8 763.3 98.8 10.85 0.12 10.46
335 2017_06_12 11:47:41 313 9 0 2.951 0.3 0.5587,0.4166 1795 -4.70E-004 592.1 86.7 763.3 98.8 10.83 0.12 11.45
336 2017_06_12 11:47:41 331 9 0 2.931 0.3 0.5586,0.4168 1796 4.46E-004 592.1 86.7 763.3 98.8 10.81 0.12 11.91
337 2017_06_12 11:47:41 349 9 0 2.930 0.3 0.5586,0.4167 1796 -4.65E-004 592.1 86.7 763.3 98.7 10.80 0.12 11.11
338 2017_06_12 11:47:41 368 9 0 2.923 0.2 0.5586,0.4167 1795 4.74E-004 592.1 86.8 763.3 98.8 10.83 0.12 15.23
339 2017_06_12 11:47:41 387 9 0 2.954 0.3 0.5587,0.4166 1795 -4.93E-004 592.1 86.7 763.3 98.7 10.83 0.12 12.75
340 2017_06_12 11:47:41 406 9 0 2.925 0.3 0.5586,0.4166 1795 5.05E-004 592.1 86.7 763.3 98.7 10.81 0.12 12.38
341 2017_06_12 11:47:41 425 9 0 2.932 0.3 0.5587,0.4165 1795 -5.04E-004 592.1 86.7 763.3 98.6 10.81 0.12 11.91
342 2017_06_12 11:47:41 444 9 0 2.924 0.3 0.5585,0.4164 1795 -5.48E-004 592.1 86.6 763.3 98.6 10.83 0.12 13.40
343 2017_06_12 11:47:41 463 9 0 2.937 0.3 0.5585,0.4166 1796 -4.86E-004 592.1 86.7 763.3 98.7 10.82 0.12 11.10
344 2017_06_12 11:47:41 482 9 0 2.926 0.3 0.5586,0.4164 1795 -5.35E-004 592.1 86.7 763.3 98.8 10.83 0.12 10.15
345 2017_06_12 11:47:41 501 9 0 2.947 0.3 0.5586,0.4164 1794 -5.45E-004 592.1 86.7 763.3 98.9 10.84 0.12 10.40
346 2017_06_12 11:47:41 520 9 0 2.921 0.3 0.5587,0.4164 1794 -5.48E-004 592.1 86.7 763.3 98.9 10.82 0.12 9.86
347 2017_06_12 11:47:41 540 9 0 2.930 0.3 0.5587,0.4164 1794 -5.35E-004 592.1 86.7 763.3 99.0 10.82 0.12 10.44
348 2017_06_12 11:47:41 559 9 0 2.924 0.3 0.5586,0.4165 1795 -5.30E-004 592.1 86.7 763.3 99.0 10.84 0.12 10.48
349 2017_06_12 11:47:41 578 9 0 2.926 0.3 0.5586,0.4164 1794 5.42E-004 592.1 86.7 763.3 99.0 10.84 0.12 10.47
350 2017_06_12 11:47:41 596 9 0 2.929 0.3 0.5586,0.4164 1794 -5.50E-004 592.1 86.6 763.3 99.0 10.85 0.12 10.16
351 2017_06_12 11:47:41 615 9 0 2.913 0.3 0.5585,0.4164 1795 -5.47E-004 592.1 86.6 763.3 99.0 10.86 0.12 11.63
352 2017_06_12 11:47:41 633 9 0 2.952 0.3 0.5586,0.4164 1794 5.55E-004 592.1 86.6 763.3 99.0 10.86 0.12 12.33
353 2017_06_12 11:47:41 652 9 0 2.927 0.3 0.5586,0.4163 1793 5.78E-004 592.2 86.6 763.3 99.0 10.89 0.12 12.47
354 2017_06_12 11:47:41 670 9 0 2.927 0.3 0.5587,0.4161 1792 -6.02E-004 592.2 86.6 763.3 99.0 10.89 0.12 12.96
355 2017_06_12 11:47:41 689 9 0 2.927 0.3 0.5587,0.4162 1792 5.96E-004 592.2 86.6 763.3 98.9 10.89 0.12 12.95
356 2017_06_12 11:47:41 707 9 0 2.913 0.3 0.5587,0.4161 1792 -6.12E-004 592.2 86.6 700.3 99.0 10.91 0.12 13.04
357 2017_06_12 11:47:41 726 9 0 2.932 0.3 0.5586,0.4162 1793 -6.02E-004 592.2 86.6 763.3 98.9 10.89 0.12 13.45
358 2017_06_12 11:47:41 744 9 0 2.928 0.3 0.5587,0.4161 1792 -6.29E-004 592.2 86.6 763.3 99.0 10.90 0.12 9.91
359 2017_06_12 11:47:41 763 9 0 2.928 0.3 0.5587,0.4161 1792 6.18E-004 592.2 86.6 763.3 98.9 10.90 0.12 10.87
360 2017_06_12 11:47:41 781 9 0 2.933 0.3 0.5586,0.4161 1793 -6.11E-004 592.2 86.6 763.3 98.9 10.88 0.12 10.49
361 2017_06_12 11:47:41 799 9 0 2.937 0.4 0.5586,0.4161 1793 -6.14E-004 592.2 86.6 763.3 98.9 10.89 0.12 9.06
362 2017_06_12 11:47:41 817 9 0 2.937 0.3 0.5585,0.4162 1793 6.06E-004 592.2 86.6 763.3 98.9 10.89 0.12 10.17
363 2017_06_12 11:47:41 835 9 0 2.917 0.3 0.5585,0.4162 1794 5.97E-004 592.2 86.5 763.3 98.8 10.89 0.12 11.66
364 2017_06_12 11:47:41 853 9 0 2.934 0.3 0.5585,0.4162 1794 -6.00E-004 592.2 86.6 763.3 98.9 10.89 0.12 10.50
365 2017_06_12 11:47:41 872 9 0 2.923 0.2 0.5585,0.4162 1794 -5.99E-004 592.2 86.6 763.3 98.9 10.89 0.12 14.04
366 2017_06_12 11:47:41 891 9 0 2.904 0.3 0.5586,0.4162 1793 -6.04E-004 592.2 86.6 763.3 98.9 10.88 0.12 13.57
367 2017_06_12 11:47:41 910 9 0 2.932 0.3 0.5586,0.4162 1793 6.02E-004 592.2 86.6 763.3 98.9 10.87 0.12 11.99
368 2017_06_12 11:47:41 930 9 0 2.953 0.3 0.5585,0.4162 1794 -6.03E-004 592.2 86.6 763.3 98.9 10.87 0.12 12.81
369 2017_06_12 11:47:41 949 9 0 2.917 0.3 0.5586,0.4161 1793 -6.14E-004 592.2 86.6 763.3 98.9 10.87 0.12 13.49
370 2017_06_12 11:47:41 968 9 0 2.923 0.3 0.5586,0.4162 1793 -6.12E-004 592.2 86.6 763.3 98.9 10.87 0.12 12.46
371 2017_06_12 11:47:41 987 9 0 2.926 0.2 0.5586,0.4162 1793 6.04E-004 592.2 86.6 763.3 98.9 10.85 0.12 13.98
372 2017_06_12 11:47:42 006 9 0 2.921 0.3 0.5586,0.4162 1793 -6.05E-004 592.2 86.6 763.3 98.9 10.85 0.12 11.20
373 2017_06_12 11:47:42 025 9 0 2.927 0.3 0.5586,0.4161 1792 6.16E-004 592.2 86.6 763.3 98.8 10.85 0.12 11.56
374 2017_06_12 11:47:42 044 9 0 2.920 0.3 0.5586,0.4161 1792 6.26E-004 592.2 86.6 763.3 98.9 10.86 0.12 10.52
375 2017_06_12 11:47:42 064 9 0 2.936 0.3 0.5586,0.4161 1793 -6.23E-004 592.2 86.6 763.3 98.8 10.87 0.12 11.97
376 2017_06_12 11:47:42 083 9 0 2.913 0.3 0.5586,0.4161 1792 -6.33E-004 592.2 86.6 763.3 98.8 10.88 0.12 9.94
377 2017_06_12 11:47:42 102 9 0 2.930 0.4 0.5586,0.4161 1792 6.33E-004 592.2 86.6 763.3 98.8 10.88 0.12 9.60
378 2017_06_12 11:47:42 121 9 0 2.931 0.4 0.5586,0.4160 1792 6.41E-004 592.2 86.6 763.3 98.8 10.89 0.12 9.34
379 2017_06_12 11:47:42 140 9 0 2.925 0.3 0.5586,0.4160 1792 6.46E-004 592.2 86.5 763.3 98.7 10.90 0.12 10.22
380 2017_06_12 11:47:42 159 9 0 2.945 1.7 0.5586,0.4160 1792 -6.55E-004 592.2 86.5 763.3 98.8 10.91 0.12 1.97
381 2017_06_12 11:47:42 178 9 0 2.937 0.3 0.5585,0.4160 1793 -6.51E-004 592.2 86.5 763.3 98.8 10.90 0.12 10.18
382 2017_06_12 11:47:42 197 9 0 2.924 0.3 0.5585,0.4160 1792 6.62E-004 592.2 86.5 763.3 98.8 10.91 0.12 10.24
383 2017_06_12 11:47:42 215 9 0 2.920 0.4 0.5586,0.4160 1792 -6.61E-004 592.2 86.5 763.3 98.8 10.91 0.12 9.66
384 2017_06_12 11:47:42 234 9 0 2.957 0.3 0.5585,0.4160 1793 -6.53E-004 592.2 86.5 763.3 98.9 10.91 0.12 11.92
385 2017_06_12 11:47:42 252 9 0 2.930 0.3 0.5579,0.4162 1798 -6.59E-004 592.1 86.4 763.3 99.5 10.93 0.12 12.50
386 2017_06_12 11:47:42 270 9 0 2.917 0.3 0.5587,0.4159 1791 6.63E-004 592.2 86.5 763.3 98.7 10.91 0.12 12.54
387 2017_06_12 11:47:42 289 9 0 2.932 0.3 0.5584,0.4160 1793 -6.68E-004 592.2 86.5 763.3 99.0 10.92 0.12 11.63
388 2017_06_12 11:47:42 309 9 0 2.930 0.2 0.5584,0.4160 1794 -6.54E-004 592.2 86.5 763.3 98.9 10.91 0.12 14.04
389 2017_06_12 11:47:42 327 9 0 2.925 0.2 0.5584,0.4160 1793 6.59E-004 592.2 86.5 763.3 98.9 10.91 0.12 14.07
390 2017_06_12 11:47:42 345 9 0 2.927 0.3 0.5584,0.4160 1793 6.61E-004 592.2 86.5 763.3 98.9 10.90 0.12 11.63
391 2017_06_12 11:47:42 364 9 0 2.939 0.3 0.5584,0.4160 1793 6.62E-004 592.2 86.5 763.3 98.9 10.90 0.12 12.44
392 2017_06_12 11:47:42 383 9 0 2.956 0.3 0.5584,0.4160 1794 -6.60E-004 592.2 86.5 763.3 98.9 10.91 0.12 10.44
393 2017_06_12 11:47:42 402 9 0 2.938 0.4 0.5584,0.4160 1793 -6.61E-004 592.2 86.5 763.3 98.9 10.90 0.12 9.59
394 2017_06_12 11:47:42 421 9 0 2.955 0.3 0.5585,0.4160 1793 -6.68E-004 592.2 86.5 763.3 98.9 10.90 0.12 10.44
395 2017_06_12 11:47:42 440 9 0 2.938 0.4 0.5584,0.4160 1793 -6.57E-004 592.2 86.5 763.3 98.8 10.90 0.12 9.59
396 2017_06_12 11:47:42 459 9 0 2.933 0.3 0.5585,0.4160 1793 -6.59E-004 592.2 86.5 763.3 98.8 10.90 0.12 10.85
397 2017_06_12 11:47:42 478 9 0 2.950 0.3 0.5585,0.4160 1793 -6.58E-004 592.2 86.5 763.3 98.8 10.89 0.12 10.44
398 2017_06_12 11:47:42 498 9 0 2.915 0.3 0.5584,0.4160 1793 6.60E-004 592.2 86.5 763.3 98.8 10.89 0.12 10.56
399 2017_06_12 11:47:42 517 9 0 2.915 0.3 0.5584,0.4160 1793 -6.66E-004 592.2 86.5 763.3 98.8 10.89 0.12 10.91
400 2017_06_12 11:47:42 538 9 0 2.947 0.3 0.5584,0.4160 1793 6.71E-004 592.2 86.5 763.3 98.8 10.89 0.12 10.46
401 2017_06_12 11:47:42 558 9 0 2.937 0.3 0.5584,0.4160 1793 6.68E-004 592.2 86.5 763.3 98.7 10.89 0.12 11.19
402 2017_06_12 11:47:42 579 9 0 2.934 0.3 0.5579,0.4164 1799 6.03E-004 592.1 86.4 763.3 98.9 10.93 0.12 10.22
403 2017_06_12 11:47:42 598 9 0 2.913 0.3 0.5583,0.4160 1794 -6.74E-004 592.2 86.4 763.3 98.9 10.91 0.12 10.93
404 2017_06_12 11:47:42 619 9 0 2.933 0.3 0.5583,0.4160 1795 -6.67E-004 592.2 86.4 763.3 98.9 10.90 0.12 10.51
405 2017_06_12 11:47:42 639 9 0 2.916 0.4 0.5578,0.4166 1801 -5.49E-004 592.1 86.5 693.4 99.3 10.97 0.12 9.46
406 2017_06_12 11:47:42 660 9 0 2.951 0.3 0.5578,0.4165 1800 -5.86E-004 592.1 86.4 763.3 99.0 10.97 0.12 10.20
407 2017_06_12 11:47:42 680 9 0 2.934 0.3 0.5586,0.4156 1790 -7.62E-004 592.3 86.4 763.3 98.7 10.90 0.12 10.19
408 2017_06_12 11:47:42 701 9 0 2.939 0.4 0.5580,0.4162 1797 6.30E-004 592.1 86.4 763.3 98.9 10.94 0.12 9.63
409 2017_06_12 11:47:42 721 9 0 2.932 0.4 0.5580,0.4163 1798 -6.32E-004 592.1 86.4 763.3 98.9 10.96 0.12 9.15
410 2017_06_12 11:47:42 741 9 0 2.928 0.3 0.5579,0.4163 1798 -6.29E-004 592.1 86.4 763.3 98.9 10.97 0.12 10.60
411 2017_06_12 11:47:42 761 9 0 2.927 0.3 0.5580,0.4162 1797 -6.47E-004 592.1 86.4 763.3 98.9 10.96 0.12 9.98
412 2017_06_12 11:47:42 781 9 0 2.953 0.3 0.5581,0.4161 1796 6.59E-004 592.2 86.4 763.3 98.9 10.97 0.12 10.51
413 2017_06_12 11:47:42 801 9 0 2.939 0.3 0.5581,0.4161 1796 -6.74E-004 592.2 86.4 763.3 98.9 10.96 0.12 12.06
414 2017_06_12 11:47:42 822 9 0 2.905 0.3 0.5581,0.4160 1795 6.75E-004 592.2 86.4 763.3 99.0 10.97 0.12 11.40
415 2017_06_12 11:47:42 841 9 0 2.921 0.3 0.5581,0.4161 1796 -6.73E-004 592.2 86.4 763.3 99.0 10.97 0.12 10.63
416 2017_06_12 11:47:42 862 9 0 2.932 0.3 0.5581,0.4160 1796 -6.77E-004 592.2 86.4 763.3 99.0 10.97 0.12 10.93
417 2017_06_12 11:47:42 880 9 0 2.932 0.3 0.5581,0.4160 1795 6.81E-004 592.2 86.4 763.3 99.0 10.96 0.12 11.68
418 2017_06_12 11:47:42 899 9 0 2.924 0.3 0.5581,0.4160 1795 6.83E-004 592.2 86.4 763.3 99.0 10.97 0.12 10.30
419 2017_06_12 11:47:42 918 9 0 2.918 0.3 0.5581,0.4160 1795 -6.85E-004 592.2 86.4 763.3 99.0 10.97 0.12 10.65
420 2017_06_12 11:47:42 936 9 0 2.953 0.3 0.5581,0.4160 1795 -6.90E-004 592.2 86.4 763.3 99.0 10.97 0.12 12.02
421 2017_06_12 11:47:42 954 9 0 2.953 0.3 0.5582,0.4159 1795 -7.02E-004 592.2 86.4 763.3 99.0 10.98 0.12 12.47
422 2017_06_12 11:47:42 973 9 0 2.930 0.3 0.5582,0.4159 1794 -7.10E-004 592.2 86.4 763.3 99.0 10.98 0.12 13.06
423 2017_06_12 11:47:42 993 9 0 2.973 0.3 0.5582,0.4159 1795 -7.01E-004 592.2 86.4 763.3 99.0 10.98 0.12 12.40
424 2017_06_12 11:47:43 011 9 0 2.952 0.3 0.5586,0.4156 1790 -7.59E-004 592.3 86.4 763.3 98.9 11.01 0.12 13.51
425 2017_06_12 11:47:43 029 9 0 2.935 0.2 0.5581,0.4160 1795 -6.97E-004 592.2 86.4 763.3 99.0 10.98 0.12 14.12
426 2017_06_12 11:47:43 049 9 0 2.944 0.2 0.5585,0.4154 1789 -8.23E-004 592.3 86.3 763.3 98.9 10.91 0.12 15.25
427 2017_06_12 11:47:43 069 255 0 2.930 0.3 0.6264,0.3389 1070 1.06E-002 613.0 83.6 763.3 75.6 4.48 0.10 4.23
428 2017_06_12 11:47:43 089 255 0 2.913 0.2 0.6173,0.3373 1098 1.27E-002 613.7 80.4 763.4 72.7 3.91 0.10 4.73
429 2017_06_12 11:47:43 108 255 0 2.930 0.2 0.6123,0.3289 1082 1.59E-002 618.2 76.4 763.3 67.1 2.97 0.09 2.79
430 2017_06_12 11:47:43 128 255 0 2.944 0.3 0.5943,0.3353 1185 1.74E-002 615.0 72.9 763.3 81.3 2.26 0.08 1.64
431 2017_06_12 11:47:43 148 255 0 2.932 0.3 0.5579,0.3351 1359 2.36E-002 615.8 61.9 763.3 72.6 1.90 0.06 1.02
432 2017_06_12 11:47:43 168 255 0 2.937 0.3 0.5625,0.3273 1295 2.52E-002 621.7 60.9 763.3 80.5 1.92 0.07 1.12
433 2017_06_12 11:47:43 187 255 0 2.922 0.3 0.5701,0.3320 1281 2.25E-002 617.6 64.7 763.3 82.8 1.71 0.05 0.73
434 2017_06_12 11:47:43 207 255 0 2.947 0.3 0.5648,0.3205 1250 2.69E-002 628.8 59.6 763.3 76.7 1.69 0.06 0.86
435 2017_06_12 11:47:43 226 255 0 2.929 0.3 0.5631,0.3105 1209 3.03E-002 649.4 56.1 763.3 73.8 1.61 0.05 0.69
436 2017_06_12 11:47:43 246 255 0 2.927 0.3 0.5620,0.3008 1166 3.36E-002 769.0 54.5 763.3 68.8 1.54 0.05 0.64
437 2017_06_12 11:47:43 265 255 0 2.917 0.3 0.5705,0.2988 1118 3.26E-002 769.0 56.6 763.3 68.8 1.57 0.06 0.64
438 2017_06_12 11:47:43 284 255 0 2.937 0.3 0.5745,0.3006 1110 3.13E-002 769.0 57.5 763.3 71.5 1.59 0.06 0.64
439 2017_06_12 11:47:43 302 255 0 2.941 0.3 0.5684,0.2974 1121 3.35E-002 769.0 56.1 763.3 72.6 1.54 0.06 0.54
440 2017_06_12 11:47:43 320 255 0 2.921 0.3 0.5783,0.2966 1075 3.18E-002 769.0 58.6 763.3 69.3 1.51 0.05 0.58
441 2017_06_12 11:47:43 339 255 0 2.926 0.3 0.5876,0.3082 1089 2.64E-002 645.3 62.8 763.3 66.7 1.53 0.05 0.62
442 2017_06_12 11:47:43 358 255 0 2.959 0.3 0.5797,0.3112 1137 2.70E-002 640.9 61.3 763.3 70.3 1.58 0.05 0.59
443 2017_06_12 11:47:43 376 255 0 2.954 0.3 0.5805,0.3041 1101 2.91E-002 676.0 59.4 763.3 66.7 1.54 0.05 0.59
444 2017_06_12 11:47:43 395 255 0 2.937 0.3 0.5838,0.3053 1092 2.81E-002 658.6 60.7 763.3 68.2 1.55 0.05 0.69
445 2017_06_12 11:47:43 414 255 0 2.929 0.2 0.5821,0.2935 1045 3.21E-002 769.0 59.6 763.3 61.5 1.45 0.05 0.67
446 2017_06_12 11:47:43 435 255 0 2.917 0.3 0.5966,0.2827 1001 -3.59E-002 769.0 63.7 763.3 55.1 1.38 0.04 0.45
447 2017_06_12 11:47:43 454 255 0 2.950 0.3 0.5920,0.2825 1001 -3.54E-002 769.0 62.6 763.3 55.1 1.39 0.05 0.49
448 2017_06_12 11:47:43 473 255 0 2.940 0.3 0.5889,0.3039 1065 2.75E-002 662.5 61.8 763.3 65.4 1.52 0.05 0.66
449 2017_06_12 11:47:43 491 9 0 2.941 0.2 0.5678,0.4148 1724 -1.73E-004 592.8 88.9 763.3 92.2 8.05 0.09 10.85
450 2017_06_12 11:47:43 510 9 0 2.937 0.3 0.5636,0.4111 1731 -1.52E-003 593.2 86.6 763.3 97.8 9.20 0.09 11.13
451 2017_06_12 11:47:43 529 9 0 2.950 0.2 0.5678,0.4098 1697 -1.47E-003 593.6 87.4 728.4 99.6 9.28 0.10 11.65
452 2017_06_12 11:47:43 548 9 0 2.934 0.3 0.5693,0.4059 1666 -2.36E-003 594.3 86.7 763.3 90.3 8.05 0.09 9.58
453 2017_06_12 11:47:43 567 9 0 2.952 0.3 0.5708,0.4046 1650 2.54E-003 594.6 86.7 763.3 93.5 7.38 0.09 7.70
454 2017_06_12 11:47:43 586 255 0 2.940 0.3 0.5721,0.3997 1616 -3.67E-003 595.5 85.7 763.3 95.7 6.40 0.08 7.32
455 2017_06_12 11:47:43 605 9 0 2.936 0.3 0.5691,0.4038 1656 -2.94E-003 594.7 86.0 763.3 96.4 6.32 0.08 6.02
456 2017_06_12 11:47:43 624 9 0 2.931 0.3 0.5677,0.4073 1684 -2.15E-003 594.0 86.7 763.3 97.0 6.43 0.08 5.96
457 2017_06_12 11:47:43 643 9 0 2.927 0.3 0.5672,0.4086 1694 -1.86E-003 593.8 86.9 763.3 99.0 6.68 0.08 6.04
458 2017_06_12 11:47:43 662 9 0 2.934 0.3 0.5678,0.4089 1692 -1.71E-003 593.8 87.2 725.1 99.1 6.90 0.09 6.91
459 2017_06_12 11:47:43 681 9 0 2.930 0.3 0.5668,0.4101 1705 -1.50E-003 593.5 87.2 763.8 98.8 6.89 0.08 7.16
460 2017_06_12 11:47:43 700 9 0 2.954 0.4 0.5660,0.4111 1716 -1.31E-003 593.3 87.3 763.8 92.4 7.19 0.09 5.97
461 2017_06_12 11:47:43 718 9 0 2.940 0.3 0.5629,0.4143 1753 7.38E-004 592.7 87.3 763.7 92.6 7.50 0.09 6.88
462 2017_06_12 11:47:43 736 9 0 2.936 0.3 0.5700,0.4058 1661 -2.31E-003 594.4 86.9 763.7 98.4 6.98 0.09 5.97
463 2017_06_12 11:47:43 755 255 0 2.917 0.3 0.6076,0.3434 1165 1.29E-002 611.2 79.3 763.7 52.4 3.41 0.08 2.57
464 2017_06_12 11:47:43 774 255 0 2.917 0.3 0.5864,0.2158 1001 -1.10E-001 769.0 67.1 763.7 -4621.8 1.40 0.07 0.48
465 2017_06_12 11:47:43 793 255 0 2.942 0.3 0.5931,0.1700 1001 -2.00E-001 769.0 74.3 763.7 -2636.0 1.23 0.06 0.29
466 2017_06_12 11:47:43 813 255 0 2.957 0.3 0.1265,0.8007 8329 1.78E-001 523.9 91.8 763.7 非数字 1.00 0.05 0.00
467 2017_06_12 11:47:43 832 255 0 2.944 0.3 0.6169,0.0922 1001 -4.63E-001 769.5 90.9 763.7 非数字 1.09 0.05 0.11
468 2017_06_12 11:47:43 850 255 0 2.921 0.3 0.0100,1.0100 9000 2.17E-001 522.1 100.0 763.7 非数字 1.00 0.02 0.00
469 2017_06_12 11:47:43 868 255 0 2.939 0.3 0.0100,1.0100 8775 2.18E-001 522.1 100.0 763.7 非数字 1.00 0.03 0.00
470 2017_06_12 11:47:43 887 255 0 2.929 0.3 0.0100,0.9714 9093 2.16E-001 520.2 100.0 763.7 非数字 1.00 0.03 0.00
471 2017_06_12 11:47:43 906 255 0 2.941 0.3 0.0100,0.9677 9118 2.16E-001 520.0 100.0 763.7 非数字 1.00 0.03 0.00
472 2017_06_12 11:47:43 925 255 0 2.934 0.3 0.0318,0.9341 8960 2.10E-001 520.4 100.0 763.7 非数字 1.00 0.03 0.00
473 2017_06_12 11:47:43 944 255 0 2.937 0.3 0.0148,0.9506 9100 2.15E-001 519.6 100.0 763.7 非数字 1.00 0.03 0.00
474 2017_06_12 11:47:43 963 255 0 2.924 0.3 0.5512,0.2886 1156 3.97E-002 769.0 52.5 763.7 -124.9 1.24 0.04 0.27
475 2017_06_12 11:47:43 981 9 0 2.922 0.3 0.5742,0.4203 1713 -1.85E-003 592.3 92.5 759.2 84.6 7.25 0.06 6.27
476 2017_06_12 11:47:43 999 9 0 2.917 0.3 0.5641,0.4238 1798 1.87E-003 591.3 90.5 763.7 85.0 7.57 0.06 6.80
477 2017_06_12 11:47:44 017 9 0 2.940 0.3 0.5667,0.4180 1749 5.72E-004 592.3 89.6 763.7 93.8 8.68 0.08 7.66
478 2017_06_12 11:47:44 035 9 0 2.927 0.2 0.5617,0.4191 1789 -4.41E-004 591.9 88.4 725.4 94.5 9.59 0.09 15.38
479 2017_06_12 11:47:44 054 9 0 2.931 0.2 0.5626,0.4178 1775 -1.54E-004 592.1 88.3 725.4 95.1 9.76 0.10 12.95
480 2017_06_12 11:47:44 072 9 0 2.932 0.2 0.5589,0.4156 1788 -7.38E-004 592.3 86.5 725.5 95.0 10.24 0.10 14.27
481 2017_06_12 11:47:44 090 9 0 2.940 0.2 0.5598,0.4168 1788 3.31E-004 592.1 87.2 725.4 95.4 10.21 0.10 17.35
482 2017_06_12 11:47:44 108 9 0 2.926 0.2 0.5603,0.4175 1789 -1.28E-004 592.1 87.5 725.3 94.3 9.97 0.10 17.97
483 2017_06_12 11:47:44 127 9 0 2.947 0.3 0.5617,0.4170 1776 -1.28E-004 592.2 87.8 723.6 95.8 9.87 0.10 11.53
484 2017_06_12 11:47:44 146 9 0 2.938 0.3 0.5699,0.4074 1671 -1.91E-003 594.1 87.3 725.2 97.1 8.88 0.10 9.90
485 2017_06_12 11:47:44 164 255 0 2.928 0.3 0.5863,0.3683 1379 1.00E-002 602.8 80.5 725.1 50.3 4.19 0.08 3.88
486 2017_06_12 11:47:44 184 255 0 2.916 0.3 0.0100,1.0100 9100 2.16E-001 522.1 100.0 763.7 非数字 1.00 0.04 0.00
487 2017_06_12 11:47:44 203 255 0 2.948 0.2 0.0100,0.9808 9142 2.16E-001 520.7 100.0 763.7 非数字 1.00 0.04 0.00
488 2017_06_12 11:47:44 222 255 0 2.935 0.3 0.5590,0.2393 1001 -6.37E-002 769.0 58.5 763.7 -135.5 1.27 0.05 0.35
489 2017_06_12 11:47:44 241 255 0 2.952 0.3 0.5628,0.1962 1001 -1.21E-001 769.0 64.6 763.7 -976.1 1.18 0.04 0.21
490 2017_06_12 11:47:44 260 255 0 2.951 0.5 0.0835,0.8760 8558 1.95E-001 522.9 100.0 763.7 非数字 1.00 0.04 0.00
491 2017_06_12 11:47:44 279 255 0 2.914 0.8 0.5871,0.1528 1001 -2.31E-001 769.0 75.6 763.7 -644.3 1.10 0.04 0.04
492 2017_06_12 11:47:44 299 255 0 2.927 0.7 0.0174,0.9508 9061 2.14E-001 519.9 100.0 763.7 非数字 1.00 0.03 0.00
493 2017_06_12 11:47:44 319 255 0 2.924 0.5 0.0100,1.0100 8978 2.17E-001 522.1 100.0 763.7 非数字 1.00 0.03 0.00
494 2017_06_12 11:47:44 339 255 0 2.937 0.1 0.0100,1.0100 8906 2.17E-001 522.1 100.0 763.7 非数字 1.00 0.03 0.00
495 2017_06_12 11:47:44 359 255 0 2.932 0.3 0.0100,1.0100 8845 2.18E-001 522.1 100.0 763.7 非数字 1.00 0.03 0.00
496 2017_06_12 11:47:44 378 255 0 2.930 0.3 0.0100,1.0100 8791 2.18E-001 522.1 100.0 763.7 非数字 1.00 0.03 0.00
497 2017_06_12 11:47:44 396 255 0 2.927 0.3 0.0100,1.0100 8588 2.20E-001 522.1 100.0 763.7 非数字 1.00 0.03 0.00
498 2017_06_12 11:47:44 414 255 0 2.930 0.2 0.0100,1.0100 8551 2.20E-001 522.1 100.0 763.7 非数字 1.00 0.03 0.00
499 2017_06_12 11:47:44 433 255 0 2.930 0.2 0.0100,1.0100 8628 2.20E-001 522.1 100.0 763.7 非数字 1.00 0.03 0.00
500 2017_06_12 11:47:44 452 255 0 2.916 0.2 0.0100,1.0100 8384 2.22E-001 522.1 100.0 763.7 非数字 1.00 0.02 0.00
501 2017_06_12 11:47:44 471 255 0 2.927 0.2 0.0100,1.0100 8572 2.20E-001 522.1 100.0 763.7 非数字 1.00 0.03 0.00
502 2017_06_12 11:47:44 491 255 0 2.928 0.2 0.0100,1.0100 8604 2.20E-001 522.1 100.0 763.7 非数字 1.00 0.03 0.00
503 2017_06_12 11:47:44 510 255 0 2.945 1.0 0.0100,1.0100 8560 2.20E-001 522.1 100.0 763.7 非数字 1.00 0.02 0.00
504 2017_06_12 11:47:44 529 255 0 2.930 0.3 0.0100,1.0100 8651 2.19E-001 522.1 100.0 763.7 非数字 1.00 0.02 0.00
505 2017_06_12 11:47:44 549 255 0 2.939 0.2 0.0100,1.0100 8618 2.20E-001 522.1 100.0 763.7 非数字 1.00 0.02 0.00
506 2017_06_12 11:47:44 570 255 0 2.954 0.6 0.0100,1.0100 8601 2.20E-001 522.1 100.0 763.7 非数字 1.00 0.02 0.00
507 2017_06_12 11:47:44 591 255 0 2.921 0.3 0.0100,1.0100 8675 2.19E-001 522.1 100.0 763.7 非数字 1.00 0.02 0.00
508 2017_06_12 11:47:44 609 255 0 2.921 0.4 0.0100,1.0100 8696 2.19E-001 522.1 100.0 763.7 非数字 1.00 0.02 0.00
