记录条数   时间  bin号 晶号 电压(V) 反向漏电流(uA) 色坐标(x,y) 相关色温(K) 色差 主波长(nm) 色纯度(%) 峰值波长(nm) 显色性指数 光通量(lm) 辐射通量(mW) 光效 
0 2017_10_22_15:47:59_774 255 0 0.000 0.0 -0.0063,-0.0041 0 0.00E+000 -0.9 0.0 379.8 -0.9 -0.43 0.00 0.00
1 2017_10_22_15:47:59_869 255 0 0.000 0.0 -0.0063,-0.0041 0 0.00E+000 -0.9 0.0 379.8 -0.9 -0.43 0.00 0.00
2 2017_10_22_15:47:59_960 255 0 0.000 0.0 -0.0063,-0.0041 0 0.00E+000 -0.9 0.0 379.8 -0.9 -0.43 0.00 0.00
3 2017_10_22_15:48:00_050 255 0 0.000 0.0 -0.0063,-0.0041 0 0.00E+000 -0.9 0.0 379.8 -0.9 -0.43 0.00 0.00
4 2017_10_22_15:48:00_143 255 0 0.000 0.0 -0.0063,-0.0041 0 0.00E+000 -0.9 0.0 379.8 -0.9 -0.43 0.00 0.00
5 2017_10_22_15:48:00_235 255 0 0.000 0.0 -0.0063,-0.0041 0 0.00E+000 -0.9 0.0 379.8 -0.9 -0.43 0.00 0.00
6 2017_10_22_15:48:00_326 255 0 0.000 0.0 -0.0063,-0.0041 0 0.00E+000 -0.9 0.0 379.8 -0.9 -0.43 0.00 0.00
7 2017_10_22_15:48:00_418 255 0 0.000 0.0 -0.0063,-0.0041 0 0.00E+000 -0.9 0.0 379.8 -0.9 -0.43 0.00 0.00
8 2017_10_22_15:48:00_509 255 0 0.000 0.0 -0.0063,-0.0041 0 0.00E+000 -0.9 0.0 379.8 -0.9 -0.43 0.00 0.00
9 2017_10_22_15:48:00_600 255 0 0.000 0.0 -0.0063,-0.0041 0 0.00E+000 -0.9 0.0 379.8 -0.9 -0.43 0.00 0.00
10 2017_10_22_15:48:00_702 255 0 0.000 0.0 -0.0063,-0.0041 0 0.00E+000 -0.9 0.0 379.8 -0.9 -0.43 0.00 0.00
11 2017_10_22_15:48:00_797 255 0 0.000 0.0 -0.0063,-0.0041 0 0.00E+000 -0.9 0.0 379.8 -0.9 -0.43 0.00 0.00
12 2017_10_22_15:48:00_887 255 0 0.000 0.0 -0.0063,-0.0041 0 0.00E+000 -0.9 0.0 379.8 -0.9 -0.43 0.00 0.00
13 2017_10_22_15:48:00_977 255 0 0.000 0.0 -0.0063,-0.0041 0 0.00E+000 -0.9 0.0 379.8 -0.9 -0.43 0.00 0.00
14 2017_10_22_15:48:01_068 255 0 0.000 0.0 -0.0063,-0.0041 0 0.00E+000 -0.9 0.0 379.8 -0.9 -0.43 0.00 0.00
15 2017_10_22_15:48:01_159 255 0 0.000 0.0 -0.0063,-0.0041 0 0.00E+000 -0.9 0.0 379.8 -0.9 -0.43 0.00 0.00
16 2017_10_22_15:48:01_250 255 0 0.000 0.0 -0.0063,-0.0041 0 0.00E+000 -0.9 0.0 379.8 -0.9 -0.43 0.00 0.00
17 2017_10_22_15:48:01_341 255 0 0.000 0.0 -0.0063,-0.0041 0 0.00E+000 -0.9 0.0 379.8 -0.9 -0.43 0.00 0.00
18 2017_10_22_15:48:01_431 255 0 0.000 0.0 -0.0063,-0.0041 0 0.00E+000 -0.9 0.0 379.8 -0.9 -0.43 0.00 0.00
19 2017_10_22_15:48:01_524 255 0 0.000 0.0 -0.0063,-0.0041 0 0.00E+000 -0.9 0.0 379.8 -0.9 -0.43 0.00 0.00
20 2017_10_22_15:48:01_617 255 0 0.000 0.0 -0.0063,-0.0041 0 0.00E+000 -0.9 0.0 379.8 -0.9 -0.43 0.00 0.00
21 2017_10_22_15:48:01_711 255 0 0.000 0.0 -0.0063,-0.0041 0 0.00E+000 -0.9 0.0 379.8 -0.9 -0.43 0.00 0.00
22 2017_10_22_15:48:01_804 255 0 0.000 0.0 -0.0063,-0.0041 0 0.00E+000 -0.9 0.0 379.8 -0.9 -0.43 0.00 0.00
23 2017_10_22_15:48:01_895 255 0 0.000 0.0 -0.0063,-0.0041 0 0.00E+000 -0.9 0.0 379.8 -0.9 -0.43 0.00 0.00
24 2017_10_22_15:48:01_986 255 0 0.000 0.0 -0.0063,-0.0041 0 0.00E+000 -0.9 0.0 379.8 -0.9 -0.43 0.00 0.00
25 2017_10_22_15:48:02_077 255 0 0.000 0.0 -0.0063,-0.0041 0 0.00E+000 -0.9 0.0 379.8 -0.9 -0.43 0.00 0.00
26 2017_10_22_15:48:02_174 255 0 0.000 0.0 -0.0063,-0.0041 0 0.00E+000 -0.9 0.0 379.8 -0.9 -0.43 0.00 0.00
27 2017_10_22_15:48:02_268 255 0 0.000 0.0 -0.0063,-0.0041 0 0.00E+000 -0.9 0.0 379.8 -0.9 -0.43 0.00 0.00
28 2017_10_22_15:48:02_360 255 0 0.000 0.0 -0.0063,-0.0041 0 0.00E+000 -0.9 0.0 379.8 -0.9 -0.43 0.00 0.00
29 2017_10_22_15:48:02_451 255 0 0.000 0.0 -0.0063,-0.0041 0 0.00E+000 -0.9 0.0 379.8 -0.9 -0.43 0.00 0.00
30 2017_10_22_15:48:02_540 255 0 0.000 0.0 -0.0063,-0.0041 0 0.00E+000 -0.9 0.0 379.8 -0.9 -0.43 0.00 0.00
31 2017_10_22_15:48:02_631 255 0 0.000 0.0 -0.0063,-0.0041 0 0.00E+000 -0.9 0.0 379.8 -0.9 -0.43 0.00 0.00
32 2017_10_22_15:48:02_722 255 0 0.000 0.0 -0.0063,-0.0041 0 0.00E+000 -0.9 0.0 379.8 -0.9 -0.43 0.00 0.00
33 2017_10_22_15:48:02_812 255 0 0.000 0.0 -0.0063,-0.0041 0 0.00E+000 -0.9 0.0 379.8 -0.9 -0.43 0.00 0.00
34 2017_10_22_15:48:02_902 255 0 0.000 0.0 -0.0063,-0.0041 0 0.00E+000 -0.9 0.0 379.8 -0.9 -0.43 0.00 0.00
35 2017_10_22_15:48:02_992 255 0 0.000 0.0 -0.0063,-0.0041 0 0.00E+000 -0.9 0.0 379.8 -0.9 -0.43 0.00 0.00
36 2017_10_22_15:48:03_083 255 0 0.000 0.0 -0.0063,-0.0041 0 0.00E+000 -0.9 0.0 379.8 -0.9 -0.43 0.00 0.00
37 2017_10_22_15:48:03_172 255 0 0.000 0.0 -0.0063,-0.0041 0 0.00E+000 -0.9 0.0 379.8 -0.9 -0.43 0.00 0.00
38 2017_10_22_15:48:03_264 255 0 0.000 0.0 -0.0063,-0.0041 0 0.00E+000 -0.9 0.0 379.8 -0.9 -0.43 0.00 0.00
39 2017_10_22_15:48:03_353 255 0 0.000 0.0 -0.0063,-0.0041 0 0.00E+000 -0.9 0.0 379.8 -0.9 -0.43 0.00 0.00
40 2017_10_22_15:48:03_443 255 0 0.000 0.0 -0.0063,-0.0041 0 0.00E+000 -0.9 0.0 379.8 -0.9 -0.43 0.00 0.00
41 2017_10_22_15:48:03_533 255 0 0.000 0.0 -0.0063,-0.0041 0 0.00E+000 -0.9 0.0 379.8 -0.9 -0.43 0.00 0.00
42 2017_10_22_15:48:03_627 255 0 0.000 0.0 -0.0063,-0.0041 0 0.00E+000 -0.9 0.0 379.8 -0.9 -0.43 0.00 0.00
43 2017_10_22_15:48:03_720 255 0 0.000 0.0 -0.0063,-0.0041 0 0.00E+000 -0.9 0.0 379.8 -0.9 -0.43 0.00 0.00
44 2017_10_22_15:48:03_812 255 0 0.000 0.0 -0.0063,-0.0041 0 0.00E+000 -0.9 0.0 379.8 -0.9 -0.43 0.00 0.00
45 2017_10_22_15:48:03_906 255 0 0.000 0.0 -0.0063,-0.0041 0 0.00E+000 -0.9 0.0 379.8 -0.9 -0.43 0.00 0.00
46 2017_10_22_15:48:03_997 255 0 0.000 0.0 -0.0063,-0.0041 0 0.00E+000 -0.9 0.0 379.8 -0.9 -0.43 0.00 0.00
47 2017_10_22_15:48:04_086 255 0 0.000 0.0 -0.0063,-0.0041 0 0.00E+000 -0.9 0.0 379.8 -0.9 -0.43 0.00 0.00
48 2017_10_22_15:48:04_177 255 0 0.000 0.0 -0.0063,-0.0041 0 0.00E+000 -0.9 0.0 379.8 -0.9 -0.43 0.00 0.00
49 2017_10_22_15:48:04_267 255 0 0.000 0.0 -0.0063,-0.0041 0 0.00E+000 -0.9 0.0 379.8 -0.9 -0.43 0.00 0.00
50 2017_10_22_15:48:04_357 255 0 0.000 0.0 -0.0063,-0.0041 0 0.00E+000 -0.9 0.0 379.8 -0.9 -0.43 0.00 0.00
51 2017_10_22_15:48:04_448 255 0 0.000 0.0 -0.0063,-0.0041 0 0.00E+000 -0.9 0.0 379.8 -0.9 -0.43 0.00 0.00
52 2017_10_22_15:48:04_538 255 0 0.000 0.0 -0.0063,-0.0041 0 0.00E+000 -0.9 0.0 379.8 -0.9 -0.43 0.00 0.00
53 2017_10_22_15:48:04_629 255 0 0.000 0.0 -0.0063,-0.0041 0 0.00E+000 -0.9 0.0 379.8 -0.9 -0.43 0.00 0.00
54 2017_10_22_15:48:04_721 255 0 0.000 0.0 -0.0063,-0.0041 0 0.00E+000 -0.9 0.0 379.8 -0.9 -0.43 0.00 0.00
55 2017_10_22_15:48:04_812 255 0 0.000 0.0 -0.0063,-0.0041 0 0.00E+000 -0.9 0.0 379.8 -0.9 -0.43 0.00 0.00
56 2017_10_22_15:48:04_903 255 0 0.000 0.0 -0.0063,-0.0041 0 0.00E+000 -0.9 0.0 379.8 -0.9 -0.43 0.00 0.00
57 2017_10_22_15:48:04_995 255 0 0.000 0.0 -0.0063,-0.0041 0 0.00E+000 -0.9 0.0 379.8 -0.9 -0.43 0.00 0.00
58 2017_10_22_15:48:05_085 255 0 0.000 0.0 -0.0063,-0.0041 0 0.00E+000 -0.9 0.0 379.8 -0.9 -0.43 0.00 0.00
59 2017_10_22_15:48:05_175 255 0 0.000 0.0 -0.0063,-0.0041 0 0.00E+000 -0.9 0.0 379.8 -0.9 -0.43 0.00 0.00
60 2017_10_22_15:48:05_267 255 0 0.000 0.0 -0.0063,-0.0041 0 0.00E+000 -0.9 0.0 379.8 -0.9 -0.43 0.00 0.00
61 2017_10_22_15:48:05_357 255 0 0.000 0.0 -0.0063,-0.0041 0 0.00E+000 -0.9 0.0 379.8 -0.9 -0.43 0.00 0.00
62 2017_10_22_15:48:05_446 255 0 0.000 0.0 -0.0063,-0.0041 0 0.00E+000 -0.9 0.0 379.8 -0.9 -0.43 0.00 0.00
63 2017_10_22_15:48:05_536 255 0 0.000 0.0 -0.0063,-0.0041 0 0.00E+000 -0.9 0.0 379.8 -0.9 -0.43 0.00 0.00
64 2017_10_22_15:48:05_627 255 0 0.000 0.0 -0.0063,-0.0041 0 0.00E+000 -0.9 0.0 379.8 -0.9 -0.43 0.00 0.00
65 2017_10_22_15:48:05_718 255 0 0.000 0.0 -0.0063,-0.0041 0 0.00E+000 -0.9 0.0 379.8 -0.9 -0.43 0.00 0.00
66 2017_10_22_15:48:05_808 255 0 0.000 0.0 -0.0063,-0.0041 0 0.00E+000 -0.9 0.0 379.8 -0.9 -0.43 0.00 0.00
67 2017_10_22_15:48:05_898 255 0 0.000 0.0 -0.0063,-0.0041 0 0.00E+000 -0.9 0.0 379.8 -0.9 -0.43 0.00 0.00
68 2017_10_22_15:48:05_988 255 0 0.000 0.0 -0.0063,-0.0041 0 0.00E+000 -0.9 0.0 379.8 -0.9 -0.43 0.00 0.00
69 2017_10_22_15:48:06_078 255 0 0.000 0.0 -0.0063,-0.0041 0 0.00E+000 -0.9 0.0 379.8 -0.9 -0.43 0.00 0.00
70 2017_10_22_15:48:06_169 255 0 0.000 0.0 -0.0063,-0.0041 0 0.00E+000 -0.9 0.0 379.8 -0.9 -0.43 0.00 0.00
71 2017_10_22_15:48:06_259 255 0 0.000 0.0 -0.0063,-0.0041 0 0.00E+000 -0.9 0.0 379.8 -0.9 -0.43 0.00 0.00
72 2017_10_22_15:48:06_350 255 0 0.000 0.0 -0.0063,-0.0041 0 0.00E+000 -0.9 0.0 379.8 -0.9 -0.43 0.00 0.00
73 2017_10_22_15:48:06_440 255 0 0.000 0.0 -0.0063,-0.0041 0 0.00E+000 -0.9 0.0 379.8 -0.9 -0.43 0.00 0.00
74 2017_10_22_15:48:06_529 255 0 0.000 0.0 -0.0063,-0.0041 0 0.00E+000 -0.9 0.0 379.8 -0.9 -0.43 0.00 0.00
75 2017_10_22_15:48:06_621 255 0 0.000 0.0 -0.0063,-0.0041 0 0.00E+000 -0.9 0.0 379.8 -0.9 -0.43 0.00 0.00
76 2017_10_22_15:48:06_714 255 0 0.000 0.0 -0.0063,-0.0041 0 0.00E+000 -0.9 0.0 379.8 -0.9 -0.43 0.00 0.00
77 2017_10_22_15:48:06_807 255 0 0.000 0.0 -0.0063,-0.0041 0 0.00E+000 -0.9 0.0 379.8 -0.9 -0.43 0.00 0.00
78 2017_10_22_15:48:06_901 255 0 0.000 0.0 -0.0063,-0.0041 0 0.00E+000 -0.9 0.0 379.8 -0.9 -0.43 0.00 0.00
79 2017_10_22_15:48:06_992 255 0 0.000 0.0 -0.0063,-0.0041 0 0.00E+000 -0.9 0.0 379.8 -0.9 -0.43 0.00 0.00
80 2017_10_22_15:48:07_082 255 0 0.000 0.0 -0.0063,-0.0041 0 0.00E+000 -0.9 0.0 379.8 -0.9 -0.43 0.00 0.00
81 2017_10_22_15:48:07_173 255 0 0.000 0.0 -0.0063,-0.0041 0 0.00E+000 -0.9 0.0 379.8 -0.9 -0.43 0.00 0.00
82 2017_10_22_15:48:07_263 255 0 0.000 0.0 -0.0063,-0.0041 0 0.00E+000 -0.9 0.0 379.8 -0.9 -0.43 0.00 0.00
83 2017_10_22_15:48:07_354 255 0 0.000 0.0 -0.0063,-0.0041 0 0.00E+000 -0.9 0.0 379.8 -0.9 -0.43 0.00 0.00
84 2017_10_22_15:48:07_446 255 0 0.000 0.0 -0.0063,-0.0041 0 0.00E+000 -0.9 0.0 379.8 -0.9 -0.43 0.00 0.00
85 2017_10_22_15:48:07_537 255 0 0.000 0.0 -0.0063,-0.0041 0 0.00E+000 -0.9 0.0 379.8 -0.9 -0.43 0.00 0.00
86 2017_10_22_15:48:07_628 255 0 0.000 0.0 -0.0063,-0.0041 0 0.00E+000 -0.9 0.0 379.8 -0.9 -0.43 0.00 0.00
87 2017_10_22_15:48:07_719 255 0 0.000 0.0 -0.0063,-0.0041 0 0.00E+000 -0.9 0.0 379.8 -0.9 -0.43 0.00 0.00
88 2017_10_22_15:48:07_810 255 0 0.000 0.0 -0.0063,-0.0041 0 0.00E+000 -0.9 0.0 379.8 -0.9 -0.43 0.00 0.00
89 2017_10_22_15:48:07_902 255 0 0.000 0.0 -0.0063,-0.0041 0 0.00E+000 -0.9 0.0 379.8 -0.9 -0.43 0.00 0.00
90 2017_10_22_15:48:07_995 255 0 0.000 0.0 -0.0063,-0.0041 0 0.00E+000 -0.9 0.0 379.8 -0.9 -0.43 0.00 0.00
91 2017_10_22_15:48:08_086 255 0 0.000 0.0 -0.0063,-0.0041 0 0.00E+000 -0.9 0.0 379.8 -0.9 -0.43 0.00 0.00
92 2017_10_22_15:48:08_176 255 0 0.000 0.0 -0.0063,-0.0041 0 0.00E+000 -0.9 0.0 379.8 -0.9 -0.43 0.00 0.00
93 2017_10_22_15:48:08_267 255 0 0.000 0.0 -0.0063,-0.0041 0 0.00E+000 -0.9 0.0 379.8 -0.9 -0.43 0.00 0.00
94 2017_10_22_15:48:08_359 255 0 0.000 0.0 -0.0063,-0.0041 0 0.00E+000 -0.9 0.0 379.8 -0.9 -0.43 0.00 0.00
95 2017_10_22_15:48:08_450 255 0 0.000 0.0 -0.0063,-0.0041 0 0.00E+000 -0.9 0.0 379.8 -0.9 -0.43 0.00 0.00
96 2017_10_22_15:48:08_541 255 0 0.000 0.0 -0.0063,-0.0041 0 0.00E+000 -0.9 0.0 379.8 -0.9 -0.43 0.00 0.00
97 2017_10_22_15:48:08_631 255 0 0.000 0.0 -0.0063,-0.0041 0 0.00E+000 -0.9 0.0 379.8 -0.9 -0.43 0.00 0.00
98 2017_10_22_15:48:08_722 255 0 0.000 0.0 -0.0063,-0.0041 0 0.00E+000 -0.9 0.0 379.8 -0.9 -0.43 0.00 0.00
99 2017_10_22_15:48:08_812 255 0 0.000 0.0 -0.0063,-0.0041 0 0.00E+000 -0.9 0.0 379.8 -0.9 -0.43 0.00 0.00
100 2017_10_22_15:48:08_904 255 0 0.000 0.0 -0.0063,-0.0041 0 0.00E+000 -0.9 0.0 379.8 -0.9 -0.43 0.00 0.00
101 2017_10_22_15:48:08_995 255 0 0.000 0.0 -0.0063,-0.0041 0 0.00E+000 -0.9 0.0 379.8 -0.9 -0.43 0.00 0.00
102 2017_10_22_15:48:09_087 255 0 0.000 0.0 -0.0063,-0.0041 0 0.00E+000 -0.9 0.0 379.8 -0.9 -0.43 0.00 0.00
103 2017_10_22_15:48:09_176 255 0 0.000 0.0 -0.0063,-0.0041 0 0.00E+000 -0.9 0.0 379.8 -0.9 -0.43 0.00 0.00
104 2017_10_22_15:48:09_267 255 0 0.000 0.0 -0.0063,-0.0041 0 0.00E+000 -0.9 0.0 379.8 -0.9 -0.43 0.00 0.00
105 2017_10_22_15:48:09_357 255 0 0.000 0.0 -0.0063,-0.0041 0 0.00E+000 -0.9 0.0 379.8 -0.9 -0.43 0.00 0.00
106 2017_10_22_15:48:09_449 255 0 0.000 0.0 -0.0063,-0.0041 0 0.00E+000 -0.9 0.0 379.8 -0.9 -0.43 0.00 0.00
107 2017_10_22_15:48:09_543 255 0 0.000 0.0 -0.0063,-0.0041 0 0.00E+000 -0.9 0.0 379.8 -0.9 -0.43 0.00 0.00
108 2017_10_22_15:48:09_634 255 0 0.000 0.0 -0.0063,-0.0041 0 0.00E+000 -0.9 0.0 379.8 -0.9 -0.43 0.00 0.00
109 2017_10_22_15:48:09_724 255 0 0.000 0.0 -0.0063,-0.0041 0 0.00E+000 -0.9 0.0 379.8 -0.9 -0.43 0.00 0.00
110 2017_10_22_15:48:09_814 255 0 0.000 0.0 -0.0063,-0.0041 0 0.00E+000 -0.9 0.0 379.8 -0.9 -0.43 0.00 0.00
111 2017_10_22_15:48:09_905 255 0 0.000 0.0 -0.0063,-0.0041 0 0.00E+000 -0.9 0.0 379.8 -0.9 -0.43 0.00 0.00
112 2017_10_22_15:48:09_995 255 0 0.000 0.0 -0.0063,-0.0041 0 0.00E+000 -0.9 0.0 379.8 -0.9 -0.43 0.00 0.00
113 2017_10_22_15:48:10_087 255 0 0.000 0.0 -0.0063,-0.0041 0 0.00E+000 -0.9 0.0 379.8 -0.9 -0.43 0.00 0.00
114 2017_10_22_15:48:10_177 255 0 0.000 0.0 -0.0063,-0.0041 0 0.00E+000 -0.9 0.0 379.8 -0.9 -0.43 0.00 0.00
115 2017_10_22_15:48:10_267 255 0 0.000 0.0 -0.0063,-0.0041 0 0.00E+000 -0.9 0.0 379.8 -0.9 -0.43 0.00 0.00
116 2017_10_22_15:48:10_358 255 0 0.000 0.0 -0.0063,-0.0041 0 0.00E+000 -0.9 0.0 379.8 -0.9 -0.43 0.00 0.00
117 2017_10_22_15:48:10_449 255 0 0.000 0.0 -0.0063,-0.0041 0 0.00E+000 -0.9 0.0 379.8 -0.9 -0.43 0.00 0.00
118 2017_10_22_15:48:10_541 255 0 0.000 0.0 -0.0063,-0.0041 0 0.00E+000 -0.9 0.0 379.8 -0.9 -0.43 0.00 0.00
119 2017_10_22_15:48:10_632 255 0 0.000 0.0 -0.0063,-0.0041 0 0.00E+000 -0.9 0.0 379.8 -0.9 -0.43 0.00 0.00
120 2017_10_22_15:48:10_721 255 0 0.000 0.0 -0.0063,-0.0041 0 0.00E+000 -0.9 0.0 379.8 -0.9 -0.43 0.00 0.00
