记录条数   时间  bin号 晶号 电压(V) 反向漏电流(uA) 色坐标(x,y) 相关色温(K) 色差 主波长(nm) 色纯度(%) 峰值波长(nm) 显色性指数 光通量(lm) 辐射通量(mW) 光效 
0 2017_06_13 15:35:48 775 255 0 -0.010 0.0 1.0100,0.0100 6268 2.53E-001 769.0 100.0 751.0 非数字 1.00 0.00 0.00
1 2017_06_13 15:35:52 746 255 0 -0.010 0.0 1.0100,0.0100 6268 2.53E-001 769.0 100.0 751.0 非数字 1.00 0.00 0.00
2 2017_06_13 15:35:53 344 255 0 -0.010 0.0 1.0100,0.0100 6268 2.53E-001 769.0 100.0 751.0 非数字 1.00 0.00 0.00
3 2017_06_13 15:35:53 520 255 0 -0.010 0.0 1.0100,0.0100 6268 2.53E-001 769.0 100.0 751.0 非数字 1.00 0.00 0.00
4 2017_06_13 15:35:53 688 255 0 -0.010 0.0 1.0100,0.0100 6268 2.53E-001 769.0 100.0 751.0 非数字 1.00 0.00 0.00
5 2017_06_13 15:35:53 872 255 0 -0.010 0.0 1.0100,0.0100 6268 2.53E-001 769.0 100.0 751.0 非数字 1.00 0.00 0.00
6 2017_06_13 15:35:54 048 255 0 -0.010 0.0 1.0100,0.0100 6268 2.53E-001 769.0 100.0 751.0 非数字 1.00 0.00 0.00
7 2017_06_13 15:35:54 252 255 0 -0.010 0.0 1.0100,0.0100 6268 2.53E-001 769.0 100.0 751.0 非数字 1.00 0.00 0.00
8 2017_06_13 15:35:54 425 255 0 -0.010 0.0 1.0100,0.0100 6268 2.53E-001 769.0 100.0 751.0 非数字 1.00 0.00 0.00
9 2017_06_13 15:35:54 608 255 0 -0.010 0.0 1.0100,0.0100 6268 2.53E-001 769.0 100.0 751.0 非数字 1.00 0.00 0.00
10 2017_06_13 15:35:54 792 255 0 -0.010 0.0 1.0100,0.0100 6268 2.53E-001 769.0 100.0 751.0 非数字 1.00 0.00 0.00
11 2017_06_13 15:35:54 980 255 0 -0.010 0.0 1.0100,0.0100 6268 2.53E-001 769.0 100.0 751.0 非数字 1.00 0.00 0.00
12 2017_06_13 15:35:55 143 255 0 -0.010 0.0 1.0100,0.0100 6268 2.53E-001 769.0 100.0 751.0 非数字 1.00 0.00 0.00
13 2017_06_13 15:35:55 327 255 0 -0.010 0.0 1.0100,0.0100 6268 2.53E-001 769.0 100.0 751.0 非数字 1.00 0.00 0.00
14 2017_06_13 15:35:55 512 255 0 -0.010 0.0 1.0100,0.0100 6268 2.53E-001 769.0 100.0 751.0 非数字 1.00 0.00 0.00
15 2017_06_13 15:35:55 711 255 0 -0.010 0.0 1.0100,0.0100 6268 2.53E-001 769.0 100.0 751.0 非数字 1.00 0.00 0.00
16 2017_06_13 15:35:55 903 255 0 -0.010 0.0 1.0100,0.0100 6268 2.53E-001 769.0 100.0 751.0 非数字 1.00 0.00 0.00
17 2017_06_13 15:35:56 264 255 0 -0.010 0.0 1.0100,0.0100 6268 2.53E-001 769.0 100.0 751.0 非数字 1.00 0.00 0.00
18 2017_06_13 15:35:56 456 255 0 -0.010 0.0 1.0100,0.0100 6268 2.53E-001 769.0 100.0 751.0 非数字 1.00 0.00 0.00
19 2017_06_13 15:35:56 647 255 0 -0.010 0.0 1.0100,0.0100 6268 2.53E-001 769.0 100.0 751.0 非数字 1.00 0.00 0.00
20 2017_06_13 15:35:56 871 255 0 -0.010 0.0 1.0100,0.0100 6268 2.53E-001 769.0 100.0 751.0 非数字 1.00 0.00 0.00
21 2017_06_13 15:35:57 071 255 0 -0.010 0.0 1.0100,0.0100 6268 2.53E-001 769.0 100.0 751.0 非数字 1.00 0.00 0.00
22 2017_06_13 15:36:01 297 255 0 -0.010 0.0 1.0100,0.0100 6268 2.53E-001 769.0 100.0 751.0 非数字 1.00 0.00 0.00
23 2017_06_13 15:36:04 160 255 0 -0.010 0.0 1.0100,0.0100 6268 2.53E-001 769.0 100.0 751.0 非数字 1.00 0.00 0.00
24 2017_06_13 15:36:05 079 255 0 -0.010 0.0 1.0100,0.0100 6268 2.53E-001 769.0 100.0 751.0 非数字 1.00 0.00 0.00
25 2017_06_13 15:36:05 753 255 0 -0.010 0.0 1.0100,0.0100 6268 2.53E-001 769.0 100.0 751.0 非数字 1.00 0.00 0.00
26 2017_06_13 15:36:06 327 255 0 -0.010 0.0 1.0100,0.0100 6268 2.53E-001 769.0 100.0 751.0 非数字 1.00 0.00 0.00
27 2017_06_13 15:36:06 920 255 0 -0.010 0.0 1.0100,0.0100 6268 2.53E-001 769.0 100.0 751.0 非数字 1.00 0.00 0.00
