记录条数   时间  bin号 晶号 电压(V) 反向漏电流(uA) 色坐标(x,y) 相关色温(K) 色差 主波长(nm) 色纯度(%) 峰值波长(nm) 显色性指数 光通量(lm) 辐射通量(mW) 光效 
0 2017_10_22_17:11:39_653 255 0 0.000 0.0 0.8975,-0.0041 4292 3.59E-001 767.1 100.0 720.1 非数字 -0.43 0.00 0.00
1 2017_10_22_17:11:39_760 255 0 0.000 0.0 0.7623,-0.0041 1001 -6.56E-001 767.1 100.0 718.3 非数字 -0.43 0.00 0.00
2 2017_10_22_17:11:39_855 255 0 0.000 0.0 0.7873,-0.0041 1001 -6.56E-001 767.1 100.0 731.1 非数字 -0.43 0.00 0.00
3 2017_10_22_17:11:39_946 255 0 0.000 0.0 0.7527,-0.0041 3567 4.81E-001 767.1 100.0 764.3 非数字 -0.43 0.00 0.00
4 2017_10_22_17:11:40_038 255 0 0.000 0.0 0.7749,0.3172 1001 -1.43E-001 612.4 100.0 717.3 -41.5 -0.04 0.00 0.00
5 2017_10_22_17:11:40_128 255 0 0.000 0.0 0.8191,-0.0041 1001 -6.56E-001 767.1 100.0 727.9 非数字 -0.43 0.00 0.00
6 2017_10_22_17:11:40_219 255 0 0.000 0.0 0.9212,-0.0041 3008 6.99E-001 767.1 100.0 731.4 非数字 -0.43 0.00 0.00
7 2017_10_22_17:11:40_311 255 0 0.000 0.0 0.8298,-0.0041 1001 -6.56E-001 767.1 100.0 779.7 非数字 -0.43 0.00 0.00
8 2017_10_22_17:11:40_402 255 0 0.000 0.0 0.7222,-0.0041 1001 -6.56E-001 767.6 100.0 759.3 非数字 -0.43 0.00 0.00
9 2017_10_22_17:11:40_493 255 0 0.000 0.0 0.7448,-0.0041 1001 -6.56E-001 767.1 100.0 773.0 非数字 -0.43 0.00 0.00
10 2017_10_22_17:11:40_584 255 0 0.000 0.0 0.4397,0.2428 1537 6.83E-002 767.1 34.7 761.0 非数字 -0.35 0.00 0.00
11 2017_10_22_17:11:40_675 255 0 0.000 0.0 0.6975,-0.0041 3008 6.99E-001 767.6 100.0 762.6 非数字 -0.43 0.00 0.00
12 2017_10_22_17:11:40_766 255 0 0.000 0.0 0.8052,-0.0041 1001 -6.56E-001 767.1 100.0 731.8 非数字 -0.43 0.00 0.00
13 2017_10_22_17:11:40_857 255 0 0.000 0.0 0.9937,-0.0041 5070 2.98E-001 767.1 100.0 763.3 非数字 -0.43 0.00 0.00
14 2017_10_22_17:11:40_949 1 0 0.000 0.0 0.4926,0.4823 2735 2.21E-002 578.2 95.9 725.7 -210.4 -0.18 0.00 0.00
15 2017_10_22_17:11:41_040 255 0 0.000 0.0 0.6368,-0.0041 4974 3.03E-001 609.3 100.0 686.7 非数字 -0.43 0.00 0.00
16 2017_10_22_17:11:41_133 255 0 0.000 0.0 0.8134,-0.0041 1001 -6.56E-001 767.1 100.0 692.1 非数字 -0.43 0.00 0.00
17 2017_10_22_17:11:41_224 255 0 0.000 0.0 0.5831,0.5631 2352 3.93E-002 578.3 100.0 731.2 -38.8 -0.40 0.00 0.00
18 2017_10_22_17:11:41_316 255 0 0.000 0.0 0.9416,-0.0041 4007 3.96E-001 767.1 100.0 726.5 非数字 -0.43 0.00 0.00
19 2017_10_22_17:11:41_407 255 0 0.000 0.0 0.5192,0.2837 1281 3.93E-002 767.1 48.3 717.0 -80.7 -0.21 0.00 0.00
20 2017_10_22_17:11:41_498 255 0 0.000 0.0 0.8788,-0.0041 1001 -6.56E-001 767.1 100.0 764.0 非数字 -0.43 0.00 0.00
21 2017_10_22_17:11:41_589 255 0 0.000 0.0 0.9937,-0.0041 5937 2.62E-001 767.1 100.0 694.5 非数字 -0.43 0.00 0.00
22 2017_10_22_17:11:41_681 255 0 0.000 0.0 0.9937,-0.0041 6376 2.50E-001 767.1 100.0 724.5 非数字 -0.43 0.00 0.00
23 2017_10_22_17:11:41_772 255 0 0.000 0.0 0.9937,-0.0041 6349 2.51E-001 767.1 100.0 721.0 非数字 -0.43 0.00 0.00
24 2017_10_22_17:11:41_863 255 0 0.000 0.0 0.9937,-0.0041 3484 5.04E-001 767.1 100.0 732.5 非数字 -0.43 0.00 0.00
25 2017_10_22_17:11:41_954 255 0 0.000 0.0 0.8031,-0.0041 1001 -6.56E-001 767.1 100.0 778.7 非数字 -0.43 0.00 0.00
26 2017_10_22_17:11:42_044 255 0 0.000 0.0 0.7564,-0.0041 1001 -6.56E-001 767.1 100.0 778.3 非数字 -0.43 0.00 0.00
27 2017_10_22_17:11:42_136 255 0 0.000 0.0 0.6895,-0.0041 1001 -6.56E-001 767.6 100.0 703.7 非数字 -0.43 0.00 0.00
28 2017_10_22_17:11:42_227 255 0 0.000 0.0 0.9937,-0.0041 7140 2.36E-001 767.1 100.0 717.2 非数字 -0.43 0.00 0.00
29 2017_10_22_17:11:42_317 255 0 0.000 0.0 0.9937,-0.0041 5937 2.62E-001 767.1 100.0 763.4 非数字 -0.43 0.00 0.00
30 2017_10_22_17:11:42_409 255 0 0.000 0.0 -0.0063,0.9959 7248 2.34E-001 520.2 100.0 725.4 非数字 -0.43 0.00 0.00
31 2017_10_22_17:11:42_502 255 0 0.000 0.0 0.9937,-0.0041 5112 2.95E-001 767.1 100.0 763.1 非数字 -0.43 0.00 0.00
32 2017_10_22_17:11:42_594 255 0 0.000 0.0 0.9937,0.9959 1001 -6.98E-001 577.2 100.0 763.1 56.9 -0.41 0.00 0.00
33 2017_10_22_17:11:42_688 255 0 0.000 0.0 0.8568,-0.0041 3008 6.99E-001 767.1 100.0 716.4 非数字 -0.43 0.00 0.00
34 2017_10_22_17:11:42_779 255 0 0.000 0.0 0.2250,0.3724 10240 6.50E-002 496.3 32.1 731.2 9.8 -0.06 0.00 0.00
35 2017_10_22_17:11:42_871 255 0 0.000 0.0 0.6610,-0.0041 1001 -6.56E-001 620.0 100.0 738.3 非数字 -0.43 0.00 0.00
36 2017_10_22_17:11:42_964 255 0 0.000 0.0 0.7709,-0.0041 1001 -6.56E-001 767.1 100.0 731.8 非数字 -0.43 0.00 0.00
37 2017_10_22_17:11:43_057 255 0 0.000 0.0 0.7207,-0.0041 1001 -6.56E-001 767.6 100.0 779.7 非数字 -0.43 0.00 0.00
38 2017_10_22_17:11:43_149 255 0 0.000 0.0 0.9097,-0.0041 1001 -6.56E-001 767.1 100.0 779.7 非数字 -0.43 0.00 0.00
39 2017_10_22_17:11:43_241 255 0 0.000 0.0 0.9399,-0.0041 3437 5.17E-001 767.1 100.0 723.5 非数字 -0.43 0.00 0.00
40 2017_10_22_17:11:43_332 255 0 0.000 0.0 0.9937,-0.0041 4644 3.26E-001 767.1 100.0 717.6 非数字 -0.43 0.00 0.00
