记录条数   时间  bin号 晶号 电压(V) 反向漏电流(uA) 色坐标(x,y) 相关色温(K) 色差 主波长(nm) 色纯度(%) 峰值波长(nm) 显色性指数 光通量(lm) 辐射通量(mW) 光效 
0 2017_06_15 14:15:58 652 255 0 -0.010 0.0 0.9214,0.0100 3008 6.99E-001 769.0 100.0 748.4 非数字 1.00 0.00 0.00
1 2017_06_15 14:15:58 660 255 0 -0.010 0.0 0.9214,0.0100 3008 6.99E-001 769.0 100.0 748.4 非数字 1.00 0.00 0.00
2 2017_06_15 14:15:58 664 255 0 -0.010 0.0 0.9214,0.0100 3008 6.99E-001 769.0 100.0 748.4 非数字 1.00 0.00 0.00
3 2017_06_15 14:15:58 666 255 0 -0.010 0.0 0.9214,0.0100 3008 6.99E-001 769.0 100.0 748.4 非数字 1.00 0.00 0.00
4 2017_06_15 14:15:58 670 255 0 -0.010 0.0 0.9214,0.0100 3008 6.99E-001 769.0 100.0 748.4 非数字 1.00 0.00 0.00
5 2017_06_15 14:15:58 685 255 0 -0.010 0.0 0.9214,0.0100 3008 6.99E-001 769.0 100.0 748.4 非数字 1.00 0.00 0.00
6 2017_06_15 14:15:58 688 255 0 -0.010 0.0 0.9214,0.0100 3008 6.99E-001 769.0 100.0 748.4 非数字 1.00 0.00 0.00
7 2017_06_15 14:15:58 691 255 0 -0.010 0.0 0.9214,0.0100 3008 6.99E-001 769.0 100.0 748.4 非数字 1.00 0.00 0.00
8 2017_06_15 14:15:58 694 255 0 -0.010 0.0 0.9214,0.0100 3008 6.99E-001 769.0 100.0 748.4 非数字 1.00 0.00 0.00
9 2017_06_15 14:15:58 697 255 0 -0.010 0.0 0.9214,0.0100 3008 6.99E-001 769.0 100.0 748.4 非数字 1.00 0.00 0.00
10 2017_06_15 14:15:58 701 255 0 -0.010 0.0 0.9214,0.0100 3008 6.99E-001 769.0 100.0 748.4 非数字 1.00 0.00 0.00
11 2017_06_15 14:15:58 704 255 0 -0.010 0.0 0.9214,0.0100 3008 6.99E-001 769.0 100.0 748.4 非数字 1.00 0.00 0.00
12 2017_06_15 14:15:58 708 255 0 -0.010 0.0 0.9214,0.0100 3008 6.99E-001 769.0 100.0 748.4 非数字 1.00 0.00 0.00
13 2017_06_15 14:15:58 711 255 0 -0.010 0.0 0.9214,0.0100 3008 6.99E-001 769.0 100.0 748.4 非数字 1.00 0.00 0.00
14 2017_06_15 14:15:58 714 255 0 -0.010 0.0 0.9214,0.0100 3008 6.99E-001 769.0 100.0 748.4 非数字 1.00 0.00 0.00
15 2017_06_15 14:15:58 717 255 0 -0.010 0.0 0.9214,0.0100 3008 6.99E-001 769.0 100.0 748.4 非数字 1.00 0.00 0.00
16 2017_06_15 14:15:58 720 255 0 -0.010 0.0 0.9214,0.0100 3008 6.99E-001 769.0 100.0 748.4 非数字 1.00 0.00 0.00
17 2017_06_15 14:15:58 723 255 0 -0.010 0.0 0.9214,0.0100 3008 6.99E-001 769.0 100.0 748.4 非数字 1.00 0.00 0.00
18 2017_06_15 14:15:58 726 255 0 -0.010 0.0 0.9214,0.0100 3008 6.99E-001 769.0 100.0 748.4 非数字 1.00 0.00 0.00
19 2017_06_15 14:15:58 729 255 0 -0.010 0.0 0.9214,0.0100 3008 6.99E-001 769.0 100.0 748.4 非数字 1.00 0.00 0.00
20 2017_06_15 14:15:58 732 255 0 -0.010 0.0 0.9214,0.0100 3008 6.99E-001 769.0 100.0 748.4 非数字 1.00 0.00 0.00
21 2017_06_15 14:15:58 735 255 0 -0.010 0.0 0.9214,0.0100 3008 6.99E-001 769.0 100.0 748.4 非数字 1.00 0.00 0.00
22 2017_06_15 14:15:58 738 255 0 -0.010 0.0 0.9214,0.0100 3008 6.99E-001 769.0 100.0 748.4 非数字 1.00 0.00 0.00
23 2017_06_15 14:15:58 741 255 0 -0.010 0.0 0.9214,0.0100 3008 6.99E-001 769.0 100.0 748.4 非数字 1.00 0.00 0.00
24 2017_06_15 14:15:58 744 255 0 -0.010 0.0 0.9214,0.0100 3008 6.99E-001 769.0 100.0 748.4 非数字 1.00 0.00 0.00
25 2017_06_15 14:15:58 747 255 0 -0.010 0.0 0.9214,0.0100 3008 6.99E-001 769.0 100.0 748.4 非数字 1.00 0.00 0.00
26 2017_06_15 14:15:58 750 255 0 -0.010 0.0 0.9214,0.0100 3008 6.99E-001 769.0 100.0 748.4 非数字 1.00 0.00 0.00
27 2017_06_15 14:15:58 754 255 0 -0.010 0.0 0.9214,0.0100 3008 6.99E-001 769.0 100.0 748.4 非数字 1.00 0.00 0.00
28 2017_06_15 14:15:58 757 255 0 -0.010 0.0 0.9214,0.0100 3008 6.99E-001 769.0 100.0 748.4 非数字 1.00 0.00 0.00
29 2017_06_15 14:15:58 760 255 0 -0.010 0.0 0.9214,0.0100 3008 6.99E-001 769.0 100.0 748.4 非数字 1.00 0.00 0.00
30 2017_06_15 14:15:58 763 255 0 -0.010 0.0 0.9214,0.0100 3008 6.99E-001 769.0 100.0 748.4 非数字 1.00 0.00 0.00
31 2017_06_15 14:15:58 766 255 0 -0.010 0.0 0.9214,0.0100 3008 6.99E-001 769.0 100.0 748.4 非数字 1.00 0.00 0.00
32 2017_06_15 14:15:58 771 255 0 -0.010 0.0 0.9214,0.0100 3008 6.99E-001 769.0 100.0 748.4 非数字 1.00 0.00 0.00
33 2017_06_15 14:15:58 774 255 0 -0.010 0.0 0.9214,0.0100 3008 6.99E-001 769.0 100.0 748.4 非数字 1.00 0.00 0.00
34 2017_06_15 14:15:58 777 255 0 -0.010 0.0 0.9214,0.0100 3008 6.99E-001 769.0 100.0 748.4 非数字 1.00 0.00 0.00
35 2017_06_15 14:15:58 780 255 0 -0.010 0.0 0.9214,0.0100 3008 6.99E-001 769.0 100.0 748.4 非数字 1.00 0.00 0.00
36 2017_06_15 14:15:58 784 255 0 -0.010 0.0 0.9214,0.0100 3008 6.99E-001 769.0 100.0 748.4 非数字 1.00 0.00 0.00
37 2017_06_15 14:15:58 787 255 0 -0.010 0.0 0.9214,0.0100 3008 6.99E-001 769.0 100.0 748.4 非数字 1.00 0.00 0.00
38 2017_06_15 14:15:58 790 255 0 -0.010 0.0 0.9214,0.0100 3008 6.99E-001 769.0 100.0 748.4 非数字 1.00 0.00 0.00
39 2017_06_15 14:15:58 793 255 0 -0.010 0.0 0.9214,0.0100 3008 6.99E-001 769.0 100.0 748.4 非数字 1.00 0.00 0.00
40 2017_06_15 14:15:58 796 255 0 -0.010 0.0 0.9214,0.0100 3008 6.99E-001 769.0 100.0 748.4 非数字 1.00 0.00 0.00
41 2017_06_15 14:15:58 799 255 0 -0.010 0.0 0.9214,0.0100 3008 6.99E-001 769.0 100.0 748.4 非数字 1.00 0.00 0.00
42 2017_06_15 14:15:58 802 255 0 -0.010 0.0 0.9214,0.0100 3008 6.99E-001 769.0 100.0 748.4 非数字 1.00 0.00 0.00
43 2017_06_15 14:15:58 805 255 0 -0.010 0.0 0.9214,0.0100 3008 6.99E-001 769.0 100.0 748.4 非数字 1.00 0.00 0.00
44 2017_06_15 14:15:58 809 255 0 -0.010 0.0 0.9214,0.0100 3008 6.99E-001 769.0 100.0 748.4 非数字 1.00 0.00 0.00
45 2017_06_15 14:15:58 812 255 0 -0.010 0.0 0.9214,0.0100 3008 6.99E-001 769.0 100.0 748.4 非数字 1.00 0.00 0.00
46 2017_06_15 14:15:58 816 255 0 -0.010 0.0 0.9214,0.0100 3008 6.99E-001 769.0 100.0 748.4 非数字 1.00 0.00 0.00
47 2017_06_15 14:15:58 819 255 0 -0.010 0.0 0.9214,0.0100 3008 6.99E-001 769.0 100.0 748.4 非数字 1.00 0.00 0.00
48 2017_06_15 14:15:58 822 255 0 -0.010 0.0 0.9214,0.0100 3008 6.99E-001 769.0 100.0 748.4 非数字 1.00 0.00 0.00
49 2017_06_15 14:15:58 825 255 0 -0.010 0.0 0.9214,0.0100 3008 6.99E-001 769.0 100.0 748.4 非数字 1.00 0.00 0.00
50 2017_06_15 14:15:58 828 255 0 -0.010 0.0 0.9214,0.0100 3008 6.99E-001 769.0 100.0 748.4 非数字 1.00 0.00 0.00
51 2017_06_15 14:15:58 831 255 0 -0.010 0.0 0.9214,0.0100 3008 6.99E-001 769.0 100.0 748.4 非数字 1.00 0.00 0.00
52 2017_06_15 14:15:58 834 255 0 -0.010 0.0 0.9214,0.0100 3008 6.99E-001 769.0 100.0 748.4 非数字 1.00 0.00 0.00
53 2017_06_15 14:15:58 837 255 0 -0.010 0.0 0.9214,0.0100 3008 6.99E-001 769.0 100.0 748.4 非数字 1.00 0.00 0.00
54 2017_06_15 14:15:58 840 255 0 -0.010 0.0 0.9214,0.0100 3008 6.99E-001 769.0 100.0 748.4 非数字 1.00 0.00 0.00
55 2017_06_15 14:15:58 844 255 0 -0.010 0.0 0.9214,0.0100 3008 6.99E-001 769.0 100.0 748.4 非数字 1.00 0.00 0.00
56 2017_06_15 14:15:58 848 255 0 -0.010 0.0 0.9214,0.0100 3008 6.99E-001 769.0 100.0 748.4 非数字 1.00 0.00 0.00
57 2017_06_15 14:15:58 851 255 0 -0.010 0.0 0.9214,0.0100 3008 6.99E-001 769.0 100.0 748.4 非数字 1.00 0.00 0.00
58 2017_06_15 14:15:58 854 255 0 -0.010 0.0 0.9214,0.0100 3008 6.99E-001 769.0 100.0 748.4 非数字 1.00 0.00 0.00
59 2017_06_15 14:15:58 856 255 0 -0.010 0.0 0.9214,0.0100 3008 6.99E-001 769.0 100.0 748.4 非数字 1.00 0.00 0.00
60 2017_06_15 14:15:58 860 255 0 -0.010 0.0 0.9214,0.0100 3008 6.99E-001 769.0 100.0 748.4 非数字 1.00 0.00 0.00
61 2017_06_15 14:15:58 863 255 0 -0.010 0.0 0.9214,0.0100 3008 6.99E-001 769.0 100.0 748.4 非数字 1.00 0.00 0.00
62 2017_06_15 14:15:58 866 255 0 -0.010 0.0 0.9214,0.0100 3008 6.99E-001 769.0 100.0 748.4 非数字 1.00 0.00 0.00
63 2017_06_15 14:15:58 869 255 0 -0.010 0.0 0.9214,0.0100 3008 6.99E-001 769.0 100.0 748.4 非数字 1.00 0.00 0.00
64 2017_06_15 14:15:58 873 255 0 -0.010 0.0 0.9214,0.0100 3008 6.99E-001 769.0 100.0 748.4 非数字 1.00 0.00 0.00
65 2017_06_15 14:15:58 876 255 0 -0.010 0.0 0.9214,0.0100 3008 6.99E-001 769.0 100.0 748.4 非数字 1.00 0.00 0.00
66 2017_06_15 14:15:58 879 255 0 -0.010 0.0 0.9214,0.0100 3008 6.99E-001 769.0 100.0 748.4 非数字 1.00 0.00 0.00
67 2017_06_15 14:15:58 882 255 0 -0.010 0.0 0.9214,0.0100 3008 6.99E-001 769.0 100.0 748.4 非数字 1.00 0.00 0.00
68 2017_06_15 14:15:58 885 255 0 -0.010 0.0 0.9214,0.0100 3008 6.99E-001 769.0 100.0 748.4 非数字 1.00 0.00 0.00
69 2017_06_15 14:15:58 888 255 0 -0.010 0.0 0.9214,0.0100 3008 6.99E-001 769.0 100.0 748.4 非数字 1.00 0.00 0.00
70 2017_06_15 14:15:58 892 255 0 -0.010 0.0 0.9214,0.0100 3008 6.99E-001 769.0 100.0 748.4 非数字 1.00 0.00 0.00
71 2017_06_15 14:15:58 895 255 0 -0.010 0.0 0.9214,0.0100 3008 6.99E-001 769.0 100.0 748.4 非数字 1.00 0.00 0.00
72 2017_06_15 14:15:58 898 255 0 -0.010 0.0 0.9214,0.0100 3008 6.99E-001 769.0 100.0 748.4 非数字 1.00 0.00 0.00
73 2017_06_15 14:15:58 901 255 0 -0.010 0.0 0.9214,0.0100 3008 6.99E-001 769.0 100.0 748.4 非数字 1.00 0.00 0.00
74 2017_06_15 14:15:58 904 255 0 -0.010 0.0 0.9214,0.0100 3008 6.99E-001 769.0 100.0 748.4 非数字 1.00 0.00 0.00
75 2017_06_15 14:15:58 907 255 0 -0.010 0.0 0.9214,0.0100 3008 6.99E-001 769.0 100.0 748.4 非数字 1.00 0.00 0.00
76 2017_06_15 14:15:58 910 255 0 -0.010 0.0 0.9214,0.0100 3008 6.99E-001 769.0 100.0 748.4 非数字 1.00 0.00 0.00
77 2017_06_15 14:15:58 913 255 0 -0.010 0.0 0.9214,0.0100 3008 6.99E-001 769.0 100.0 748.4 非数字 1.00 0.00 0.00
78 2017_06_15 14:15:58 916 255 0 -0.010 0.0 0.9214,0.0100 3008 6.99E-001 769.0 100.0 748.4 非数字 1.00 0.00 0.00
79 2017_06_15 14:15:58 919 255 0 -0.010 0.0 0.9214,0.0100 3008 6.99E-001 769.0 100.0 748.4 非数字 1.00 0.00 0.00
80 2017_06_15 14:15:58 922 255 0 -0.010 0.0 0.9214,0.0100 3008 6.99E-001 769.0 100.0 748.4 非数字 1.00 0.00 0.00
81 2017_06_15 14:15:58 926 255 0 -0.010 0.0 0.9214,0.0100 3008 6.99E-001 769.0 100.0 748.4 非数字 1.00 0.00 0.00
82 2017_06_15 14:15:58 929 255 0 -0.010 0.0 0.9214,0.0100 3008 6.99E-001 769.0 100.0 748.4 非数字 1.00 0.00 0.00
83 2017_06_15 14:15:58 933 255 0 -0.010 0.0 0.9214,0.0100 3008 6.99E-001 769.0 100.0 748.4 非数字 1.00 0.00 0.00
84 2017_06_15 14:15:58 936 255 0 -0.010 0.0 0.9214,0.0100 3008 6.99E-001 769.0 100.0 748.4 非数字 1.00 0.00 0.00
85 2017_06_15 14:15:58 939 255 0 -0.010 0.0 0.9214,0.0100 3008 6.99E-001 769.0 100.0 748.4 非数字 1.00 0.00 0.00
86 2017_06_15 14:15:58 942 255 0 -0.010 0.0 0.9214,0.0100 3008 6.99E-001 769.0 100.0 748.4 非数字 1.00 0.00 0.00
87 2017_06_15 14:15:58 945 255 0 -0.010 0.0 0.9214,0.0100 3008 6.99E-001 769.0 100.0 748.4 非数字 1.00 0.00 0.00
88 2017_06_15 14:15:58 948 255 0 -0.010 0.0 0.9214,0.0100 3008 6.99E-001 769.0 100.0 748.4 非数字 1.00 0.00 0.00
89 2017_06_15 14:15:58 951 255 0 -0.010 0.0 0.9214,0.0100 3008 6.99E-001 769.0 100.0 748.4 非数字 1.00 0.00 0.00
90 2017_06_15 14:15:58 954 255 0 -0.010 0.0 0.9214,0.0100 3008 6.99E-001 769.0 100.0 748.4 非数字 1.00 0.00 0.00
91 2017_06_15 14:15:58 957 255 0 -0.010 0.0 0.9214,0.0100 3008 6.99E-001 769.0 100.0 748.4 非数字 1.00 0.00 0.00
92 2017_06_15 14:15:58 960 255 0 -0.010 0.0 0.9214,0.0100 3008 6.99E-001 769.0 100.0 748.4 非数字 1.00 0.00 0.00
93 2017_06_15 14:15:58 963 255 0 -0.010 0.0 0.9214,0.0100 3008 6.99E-001 769.0 100.0 748.4 非数字 1.00 0.00 0.00
94 2017_06_15 14:15:58 966 255 0 -0.010 0.0 0.9214,0.0100 3008 6.99E-001 769.0 100.0 748.4 非数字 1.00 0.00 0.00
95 2017_06_15 14:15:58 969 255 0 -0.010 0.0 0.9214,0.0100 3008 6.99E-001 769.0 100.0 748.4 非数字 1.00 0.00 0.00
96 2017_06_15 14:15:58 973 255 0 -0.010 0.0 0.9214,0.0100 3008 6.99E-001 769.0 100.0 748.4 非数字 1.00 0.00 0.00
97 2017_06_15 14:15:58 976 255 0 -0.010 0.0 0.9214,0.0100 3008 6.99E-001 769.0 100.0 748.4 非数字 1.00 0.00 0.00
98 2017_06_15 14:15:58 980 255 0 -0.010 0.0 0.9214,0.0100 3008 6.99E-001 769.0 100.0 748.4 非数字 1.00 0.00 0.00
99 2017_06_15 14:15:58 983 255 0 -0.010 0.0 0.9214,0.0100 3008 6.99E-001 769.0 100.0 748.4 非数字 1.00 0.00 0.00
100 2017_06_15 14:15:58 986 255 0 -0.010 0.0 0.9214,0.0100 3008 6.99E-001 769.0 100.0 748.4 非数字 1.00 0.00 0.00
101 2017_06_15 14:15:58 990 255 0 -0.010 0.0 0.9214,0.0100 3008 6.99E-001 769.0 100.0 748.4 非数字 1.00 0.00 0.00
102 2017_06_15 14:15:58 993 255 0 -0.010 0.0 0.9214,0.0100 3008 6.99E-001 769.0 100.0 748.4 非数字 1.00 0.00 0.00
103 2017_06_15 14:15:58 996 255 0 -0.010 0.0 0.9214,0.0100 3008 6.99E-001 769.0 100.0 748.4 非数字 1.00 0.00 0.00
104 2017_06_15 14:15:58 999 255 0 -0.010 0.0 0.9214,0.0100 3008 6.99E-001 769.0 100.0 748.4 非数字 1.00 0.00 0.00
105 2017_06_15 14:15:59 003 255 0 -0.010 0.0 0.9214,0.0100 3008 6.99E-001 769.0 100.0 748.4 非数字 1.00 0.00 0.00
106 2017_06_15 14:15:59 009 255 0 -0.010 0.0 0.9214,0.0100 3008 6.99E-001 769.0 100.0 748.4 非数字 1.00 0.00 0.00
107 2017_06_15 14:15:59 012 255 0 -0.010 0.0 0.9214,0.0100 3008 6.99E-001 769.0 100.0 748.4 非数字 1.00 0.00 0.00
108 2017_06_15 14:15:59 015 255 0 -0.010 0.0 0.9214,0.0100 3008 6.99E-001 769.0 100.0 748.4 非数字 1.00 0.00 0.00
109 2017_06_15 14:15:59 019 255 0 -0.010 0.0 0.9214,0.0100 3008 6.99E-001 769.0 100.0 748.4 非数字 1.00 0.00 0.00
110 2017_06_15 14:15:59 022 255 0 -0.010 0.0 0.9214,0.0100 3008 6.99E-001 769.0 100.0 748.4 非数字 1.00 0.00 0.00
111 2017_06_15 14:15:59 025 255 0 -0.010 0.0 0.9214,0.0100 3008 6.99E-001 769.0 100.0 748.4 非数字 1.00 0.00 0.00
112 2017_06_15 14:15:59 028 255 0 -0.010 0.0 0.9214,0.0100 3008 6.99E-001 769.0 100.0 748.4 非数字 1.00 0.00 0.00
113 2017_06_15 14:15:59 031 255 0 -0.010 0.0 0.9214,0.0100 3008 6.99E-001 769.0 100.0 748.4 非数字 1.00 0.00 0.00
114 2017_06_15 14:15:59 034 255 0 -0.010 0.0 0.9214,0.0100 3008 6.99E-001 769.0 100.0 748.4 非数字 1.00 0.00 0.00
115 2017_06_15 14:15:59 037 255 0 -0.010 0.0 0.9214,0.0100 3008 6.99E-001 769.0 100.0 748.4 非数字 1.00 0.00 0.00
116 2017_06_15 14:15:59 040 255 0 -0.010 0.0 0.9214,0.0100 3008 6.99E-001 769.0 100.0 748.4 非数字 1.00 0.00 0.00
117 2017_06_15 14:15:59 043 255 0 -0.010 0.0 0.9214,0.0100 3008 6.99E-001 769.0 100.0 748.4 非数字 1.00 0.00 0.00
118 2017_06_15 14:15:59 046 255 0 -0.010 0.0 0.9214,0.0100 3008 6.99E-001 769.0 100.0 748.4 非数字 1.00 0.00 0.00
119 2017_06_15 14:15:59 050 255 0 -0.010 0.0 0.9214,0.0100 3008 6.99E-001 769.0 100.0 748.4 非数字 1.00 0.00 0.00
120 2017_06_15 14:15:59 053 255 0 -0.010 0.0 0.9214,0.0100 3008 6.99E-001 769.0 100.0 748.4 非数字 1.00 0.00 0.00
121 2017_06_15 14:15:59 056 255 0 -0.010 0.0 0.9214,0.0100 3008 6.99E-001 769.0 100.0 748.4 非数字 1.00 0.00 0.00
122 2017_06_15 14:15:59 059 255 0 -0.010 0.0 0.9214,0.0100 3008 6.99E-001 769.0 100.0 748.4 非数字 1.00 0.00 0.00
123 2017_06_15 14:15:59 062 255 0 -0.010 0.0 0.9214,0.0100 3008 6.99E-001 769.0 100.0 748.4 非数字 1.00 0.00 0.00
124 2017_06_15 14:15:59 065 255 0 -0.010 0.0 0.9214,0.0100 3008 6.99E-001 769.0 100.0 748.4 非数字 1.00 0.00 0.00
125 2017_06_15 14:15:59 068 255 0 -0.010 0.0 0.9214,0.0100 3008 6.99E-001 769.0 100.0 748.4 非数字 1.00 0.00 0.00
126 2017_06_15 14:15:59 071 255 0 -0.010 0.0 0.9214,0.0100 3008 6.99E-001 769.0 100.0 748.4 非数字 1.00 0.00 0.00
127 2017_06_15 14:15:59 074 255 0 -0.010 0.0 0.9214,0.0100 3008 6.99E-001 769.0 100.0 748.4 非数字 1.00 0.00 0.00
128 2017_06_15 14:15:59 077 255 0 -0.010 0.0 0.9214,0.0100 3008 6.99E-001 769.0 100.0 748.4 非数字 1.00 0.00 0.00
129 2017_06_15 14:15:59 080 255 0 -0.010 0.0 0.9214,0.0100 3008 6.99E-001 769.0 100.0 748.4 非数字 1.00 0.00 0.00
130 2017_06_15 14:15:59 083 255 0 -0.010 0.0 0.9214,0.0100 3008 6.99E-001 769.0 100.0 748.4 非数字 1.00 0.00 0.00
131 2017_06_15 14:15:59 087 255 0 -0.010 0.0 0.9214,0.0100 3008 6.99E-001 769.0 100.0 748.4 非数字 1.00 0.00 0.00
132 2017_06_15 14:15:59 090 255 0 -0.010 0.0 0.9214,0.0100 3008 6.99E-001 769.0 100.0 748.4 非数字 1.00 0.00 0.00
133 2017_06_15 14:15:59 094 255 0 -0.010 0.0 0.9214,0.0100 3008 6.99E-001 769.0 100.0 748.4 非数字 1.00 0.00 0.00
134 2017_06_15 14:15:59 097 255 0 -0.010 0.0 0.9214,0.0100 3008 6.99E-001 769.0 100.0 748.4 非数字 1.00 0.00 0.00
135 2017_06_15 14:15:59 100 255 0 -0.010 0.0 0.9214,0.0100 3008 6.99E-001 769.0 100.0 748.4 非数字 1.00 0.00 0.00
136 2017_06_15 14:15:59 103 255 0 -0.010 0.0 0.9214,0.0100 3008 6.99E-001 769.0 100.0 748.4 非数字 1.00 0.00 0.00
137 2017_06_15 14:15:59 106 255 0 -0.010 0.0 0.9214,0.0100 3008 6.99E-001 769.0 100.0 748.4 非数字 1.00 0.00 0.00
138 2017_06_15 14:15:59 109 255 0 -0.010 0.0 0.9214,0.0100 3008 6.99E-001 769.0 100.0 748.4 非数字 1.00 0.00 0.00
139 2017_06_15 14:15:59 112 255 0 -0.010 0.0 0.9214,0.0100 3008 6.99E-001 769.0 100.0 748.4 非数字 1.00 0.00 0.00
140 2017_06_15 14:15:59 116 255 0 -0.010 0.0 0.9214,0.0100 3008 6.99E-001 769.0 100.0 748.4 非数字 1.00 0.00 0.00
141 2017_06_15 14:15:59 119 255 0 -0.010 0.0 0.9214,0.0100 3008 6.99E-001 769.0 100.0 748.4 非数字 1.00 0.00 0.00
142 2017_06_15 14:15:59 122 255 0 -0.010 0.0 0.9214,0.0100 3008 6.99E-001 769.0 100.0 748.4 非数字 1.00 0.00 0.00
143 2017_06_15 14:15:59 125 255 0 -0.010 0.0 0.9214,0.0100 3008 6.99E-001 769.0 100.0 748.4 非数字 1.00 0.00 0.00
144 2017_06_15 14:15:59 128 255 0 -0.010 0.0 0.9214,0.0100 3008 6.99E-001 769.0 100.0 748.4 非数字 1.00 0.00 0.00
145 2017_06_15 14:15:59 131 255 0 -0.010 0.0 0.9214,0.0100 3008 6.99E-001 769.0 100.0 748.4 非数字 1.00 0.00 0.00
146 2017_06_15 14:15:59 135 255 0 -0.010 0.0 0.9214,0.0100 3008 6.99E-001 769.0 100.0 748.4 非数字 1.00 0.00 0.00
147 2017_06_15 14:15:59 138 255 0 -0.010 0.0 0.9214,0.0100 3008 6.99E-001 769.0 100.0 748.4 非数字 1.00 0.00 0.00
148 2017_06_15 14:15:59 141 255 0 -0.010 0.0 0.9214,0.0100 3008 6.99E-001 769.0 100.0 748.4 非数字 1.00 0.00 0.00
149 2017_06_15 14:15:59 145 255 0 -0.010 0.0 0.9214,0.0100 3008 6.99E-001 769.0 100.0 748.4 非数字 1.00 0.00 0.00
150 2017_06_15 14:15:59 148 255 0 -0.010 0.0 0.9214,0.0100 3008 6.99E-001 769.0 100.0 748.4 非数字 1.00 0.00 0.00
151 2017_06_15 14:15:59 151 255 0 -0.010 0.0 0.9214,0.0100 3008 6.99E-001 769.0 100.0 748.4 非数字 1.00 0.00 0.00
152 2017_06_15 14:15:59 154 255 0 -0.010 0.0 0.9214,0.0100 3008 6.99E-001 769.0 100.0 748.4 非数字 1.00 0.00 0.00
153 2017_06_15 14:15:59 158 255 0 -0.010 0.0 0.9214,0.0100 3008 6.99E-001 769.0 100.0 748.4 非数字 1.00 0.00 0.00
154 2017_06_15 14:15:59 161 255 0 -0.010 0.0 0.9214,0.0100 3008 6.99E-001 769.0 100.0 748.4 非数字 1.00 0.00 0.00
155 2017_06_15 14:15:59 164 255 0 -0.010 0.0 0.9214,0.0100 3008 6.99E-001 769.0 100.0 748.4 非数字 1.00 0.00 0.00
156 2017_06_15 14:15:59 167 255 0 -0.010 0.0 0.9214,0.0100 3008 6.99E-001 769.0 100.0 748.4 非数字 1.00 0.00 0.00
157 2017_06_15 14:15:59 170 255 0 -0.010 0.0 0.9214,0.0100 3008 6.99E-001 769.0 100.0 748.4 非数字 1.00 0.00 0.00
158 2017_06_15 14:15:59 174 255 0 -0.010 0.0 0.9214,0.0100 3008 6.99E-001 769.0 100.0 748.4 非数字 1.00 0.00 0.00
159 2017_06_15 14:15:59 177 255 0 -0.010 0.0 0.9214,0.0100 3008 6.99E-001 769.0 100.0 748.4 非数字 1.00 0.00 0.00
160 2017_06_15 14:15:59 180 255 0 -0.010 0.0 0.9214,0.0100 3008 6.99E-001 769.0 100.0 748.4 非数字 1.00 0.00 0.00
161 2017_06_15 14:15:59 184 255 0 -0.010 0.0 0.9214,0.0100 3008 6.99E-001 769.0 100.0 748.4 非数字 1.00 0.00 0.00
162 2017_06_15 14:15:59 187 255 0 -0.010 0.0 0.9214,0.0100 3008 6.99E-001 769.0 100.0 748.4 非数字 1.00 0.00 0.00
163 2017_06_15 14:15:59 190 255 0 -0.010 0.0 0.9214,0.0100 3008 6.99E-001 769.0 100.0 748.4 非数字 1.00 0.00 0.00
164 2017_06_15 14:15:59 194 255 0 -0.010 0.0 0.9214,0.0100 3008 6.99E-001 769.0 100.0 748.4 非数字 1.00 0.00 0.00
165 2017_06_15 14:15:59 197 255 0 -0.010 0.0 0.9214,0.0100 3008 6.99E-001 769.0 100.0 748.4 非数字 1.00 0.00 0.00
166 2017_06_15 14:15:59 200 255 0 -0.010 0.0 0.9214,0.0100 3008 6.99E-001 769.0 100.0 748.4 非数字 1.00 0.00 0.00
167 2017_06_15 14:15:59 203 255 0 -0.010 0.0 0.9214,0.0100 3008 6.99E-001 769.0 100.0 748.4 非数字 1.00 0.00 0.00
168 2017_06_15 14:15:59 206 255 0 -0.010 0.0 0.9214,0.0100 3008 6.99E-001 769.0 100.0 748.4 非数字 1.00 0.00 0.00
169 2017_06_15 14:15:59 209 255 0 -0.010 0.0 0.9214,0.0100 3008 6.99E-001 769.0 100.0 748.4 非数字 1.00 0.00 0.00
170 2017_06_15 14:15:59 213 255 0 -0.010 0.0 0.9214,0.0100 3008 6.99E-001 769.0 100.0 748.4 非数字 1.00 0.00 0.00
171 2017_06_15 14:15:59 215 255 0 -0.010 0.0 0.9214,0.0100 3008 6.99E-001 769.0 100.0 748.4 非数字 1.00 0.00 0.00
172 2017_06_15 14:15:59 218 255 0 -0.010 0.0 0.9214,0.0100 3008 6.99E-001 769.0 100.0 748.4 非数字 1.00 0.00 0.00
173 2017_06_15 14:15:59 221 255 0 -0.010 0.0 0.9214,0.0100 3008 6.99E-001 769.0 100.0 748.4 非数字 1.00 0.00 0.00
174 2017_06_15 14:15:59 224 255 0 -0.010 0.0 0.9214,0.0100 3008 6.99E-001 769.0 100.0 748.4 非数字 1.00 0.00 0.00
175 2017_06_15 14:15:59 227 255 0 -0.010 0.0 0.9214,0.0100 3008 6.99E-001 769.0 100.0 748.4 非数字 1.00 0.00 0.00
176 2017_06_15 14:15:59 231 255 0 -0.010 0.0 0.9214,0.0100 3008 6.99E-001 769.0 100.0 748.4 非数字 1.00 0.00 0.00
177 2017_06_15 14:15:59 234 255 0 -0.010 0.0 0.9214,0.0100 3008 6.99E-001 769.0 100.0 748.4 非数字 1.00 0.00 0.00
178 2017_06_15 14:15:59 237 255 0 -0.010 0.0 0.9214,0.0100 3008 6.99E-001 769.0 100.0 748.4 非数字 1.00 0.00 0.00
179 2017_06_15 14:15:59 241 255 0 -0.010 0.0 0.9214,0.0100 3008 6.99E-001 769.0 100.0 748.4 非数字 1.00 0.00 0.00
180 2017_06_15 14:15:59 244 255 0 -0.010 0.0 0.9214,0.0100 3008 6.99E-001 769.0 100.0 748.4 非数字 1.00 0.00 0.00
181 2017_06_15 14:15:59 247 255 0 -0.010 0.0 0.9214,0.0100 3008 6.99E-001 769.0 100.0 748.4 非数字 1.00 0.00 0.00
182 2017_06_15 14:15:59 250 255 0 -0.010 0.0 0.9214,0.0100 3008 6.99E-001 769.0 100.0 748.4 非数字 1.00 0.00 0.00
183 2017_06_15 14:15:59 253 255 0 -0.010 0.0 0.9214,0.0100 3008 6.99E-001 769.0 100.0 748.4 非数字 1.00 0.00 0.00
184 2017_06_15 14:15:59 256 255 0 -0.010 0.0 0.9214,0.0100 3008 6.99E-001 769.0 100.0 748.4 非数字 1.00 0.00 0.00
185 2017_06_15 14:15:59 261 255 0 -0.010 0.0 0.9214,0.0100 3008 6.99E-001 769.0 100.0 748.4 非数字 1.00 0.00 0.00
186 2017_06_15 14:15:59 265 255 0 -0.010 0.0 0.9214,0.0100 3008 6.99E-001 769.0 100.0 748.4 非数字 1.00 0.00 0.00
187 2017_06_15 14:15:59 268 255 0 -0.010 0.0 0.9214,0.0100 3008 6.99E-001 769.0 100.0 748.4 非数字 1.00 0.00 0.00
188 2017_06_15 14:15:59 271 255 0 -0.010 0.0 0.9214,0.0100 3008 6.99E-001 769.0 100.0 748.4 非数字 1.00 0.00 0.00
189 2017_06_15 14:15:59 277 255 0 -0.010 0.0 0.9214,0.0100 3008 6.99E-001 769.0 100.0 748.4 非数字 1.00 0.00 0.00
190 2017_06_15 14:15:59 284 255 0 -0.010 0.0 0.9214,0.0100 3008 6.99E-001 769.0 100.0 748.4 非数字 1.00 0.00 0.00
191 2017_06_15 14:15:59 288 255 0 -0.010 0.0 0.9214,0.0100 3008 6.99E-001 769.0 100.0 748.4 非数字 1.00 0.00 0.00
192 2017_06_15 14:15:59 294 255 0 -0.010 0.0 0.9214,0.0100 3008 6.99E-001 769.0 100.0 748.4 非数字 1.00 0.00 0.00
193 2017_06_15 14:15:59 297 255 0 -0.010 0.0 0.9214,0.0100 3008 6.99E-001 769.0 100.0 748.4 非数字 1.00 0.00 0.00
194 2017_06_15 14:15:59 301 255 0 -0.010 0.0 0.9214,0.0100 3008 6.99E-001 769.0 100.0 748.4 非数字 1.00 0.00 0.00
195 2017_06_15 14:15:59 310 255 0 -0.010 0.0 0.9214,0.0100 3008 6.99E-001 769.0 100.0 748.4 非数字 1.00 0.00 0.00
196 2017_06_15 14:15:59 314 255 0 -0.010 0.0 0.9214,0.0100 3008 6.99E-001 769.0 100.0 748.4 非数字 1.00 0.00 0.00
197 2017_06_15 14:15:59 322 255 0 -0.010 0.0 0.9214,0.0100 3008 6.99E-001 769.0 100.0 748.4 非数字 1.00 0.00 0.00
198 2017_06_15 14:15:59 325 255 0 -0.010 0.0 0.9214,0.0100 3008 6.99E-001 769.0 100.0 748.4 非数字 1.00 0.00 0.00
199 2017_06_15 14:15:59 328 255 0 -0.010 0.0 0.9214,0.0100 3008 6.99E-001 769.0 100.0 748.4 非数字 1.00 0.00 0.00
200 2017_06_15 14:15:59 331 255 0 -0.010 0.0 0.9214,0.0100 3008 6.99E-001 769.0 100.0 748.4 非数字 1.00 0.00 0.00
201 2017_06_15 14:15:59 334 255 0 -0.010 0.0 0.9214,0.0100 3008 6.99E-001 769.0 100.0 748.4 非数字 1.00 0.00 0.00
202 2017_06_15 14:15:59 337 255 0 -0.010 0.0 0.9214,0.0100 3008 6.99E-001 769.0 100.0 748.4 非数字 1.00 0.00 0.00
203 2017_06_15 14:15:59 340 255 0 -0.010 0.0 0.9214,0.0100 3008 6.99E-001 769.0 100.0 748.4 非数字 1.00 0.00 0.00
204 2017_06_15 14:15:59 343 255 0 -0.010 0.0 0.9214,0.0100 3008 6.99E-001 769.0 100.0 748.4 非数字 1.00 0.00 0.00
205 2017_06_15 14:15:59 346 255 0 -0.010 0.0 0.9214,0.0100 3008 6.99E-001 769.0 100.0 748.4 非数字 1.00 0.00 0.00
206 2017_06_15 14:15:59 349 255 0 -0.010 0.0 0.9214,0.0100 3008 6.99E-001 769.0 100.0 748.4 非数字 1.00 0.00 0.00
207 2017_06_15 14:15:59 352 255 0 -0.010 0.0 0.9214,0.0100 3008 6.99E-001 769.0 100.0 748.4 非数字 1.00 0.00 0.00
208 2017_06_15 14:15:59 355 255 0 -0.010 0.0 0.9214,0.0100 3008 6.99E-001 769.0 100.0 748.4 非数字 1.00 0.00 0.00
209 2017_06_15 14:15:59 359 255 0 -0.010 0.0 0.9214,0.0100 3008 6.99E-001 769.0 100.0 748.4 非数字 1.00 0.00 0.00
210 2017_06_15 14:15:59 362 255 0 -0.010 0.0 0.9214,0.0100 3008 6.99E-001 769.0 100.0 748.4 非数字 1.00 0.00 0.00
211 2017_06_15 14:15:59 365 255 0 -0.010 0.0 0.9214,0.0100 3008 6.99E-001 769.0 100.0 748.4 非数字 1.00 0.00 0.00
212 2017_06_15 14:15:59 368 255 0 -0.010 0.0 0.9214,0.0100 3008 6.99E-001 769.0 100.0 748.4 非数字 1.00 0.00 0.00
213 2017_06_15 14:15:59 371 255 0 -0.010 0.0 0.9214,0.0100 3008 6.99E-001 769.0 100.0 748.4 非数字 1.00 0.00 0.00
214 2017_06_15 14:15:59 374 255 0 -0.010 0.0 0.9214,0.0100 3008 6.99E-001 769.0 100.0 748.4 非数字 1.00 0.00 0.00
215 2017_06_15 14:15:59 377 255 0 -0.010 0.0 0.9214,0.0100 3008 6.99E-001 769.0 100.0 748.4 非数字 1.00 0.00 0.00
216 2017_06_15 14:15:59 380 255 0 -0.010 0.0 0.9214,0.0100 3008 6.99E-001 769.0 100.0 748.4 非数字 1.00 0.00 0.00
217 2017_06_15 14:15:59 383 255 0 -0.010 0.0 0.9214,0.0100 3008 6.99E-001 769.0 100.0 748.4 非数字 1.00 0.00 0.00
218 2017_06_15 14:15:59 386 255 0 -0.010 0.0 0.9214,0.0100 3008 6.99E-001 769.0 100.0 748.4 非数字 1.00 0.00 0.00
219 2017_06_15 14:15:59 389 255 0 -0.010 0.0 0.9214,0.0100 3008 6.99E-001 769.0 100.0 748.4 非数字 1.00 0.00 0.00
220 2017_06_15 14:15:59 392 255 0 -0.010 0.0 0.9214,0.0100 3008 6.99E-001 769.0 100.0 748.4 非数字 1.00 0.00 0.00
221 2017_06_15 14:15:59 395 255 0 -0.010 0.0 0.9214,0.0100 3008 6.99E-001 769.0 100.0 748.4 非数字 1.00 0.00 0.00
222 2017_06_15 14:15:59 398 255 0 -0.010 0.0 0.9214,0.0100 3008 6.99E-001 769.0 100.0 748.4 非数字 1.00 0.00 0.00
223 2017_06_15 14:15:59 401 255 0 -0.010 0.0 0.9214,0.0100 3008 6.99E-001 769.0 100.0 748.4 非数字 1.00 0.00 0.00
224 2017_06_15 14:15:59 404 255 0 -0.010 0.0 0.9214,0.0100 3008 6.99E-001 769.0 100.0 748.4 非数字 1.00 0.00 0.00
225 2017_06_15 14:15:59 407 255 0 -0.010 0.0 0.9214,0.0100 3008 6.99E-001 769.0 100.0 748.4 非数字 1.00 0.00 0.00
226 2017_06_15 14:15:59 411 255 0 -0.010 0.0 0.9214,0.0100 3008 6.99E-001 769.0 100.0 748.4 非数字 1.00 0.00 0.00
227 2017_06_15 14:15:59 414 255 0 -0.010 0.0 0.9214,0.0100 3008 6.99E-001 769.0 100.0 748.4 非数字 1.00 0.00 0.00
228 2017_06_15 14:15:59 418 255 0 -0.010 0.0 0.9214,0.0100 3008 6.99E-001 769.0 100.0 748.4 非数字 1.00 0.00 0.00
229 2017_06_15 14:15:59 421 255 0 -0.010 0.0 0.9214,0.0100 3008 6.99E-001 769.0 100.0 748.4 非数字 1.00 0.00 0.00
230 2017_06_15 14:15:59 424 255 0 -0.010 0.0 0.9214,0.0100 3008 6.99E-001 769.0 100.0 748.4 非数字 1.00 0.00 0.00
231 2017_06_15 14:15:59 427 255 0 -0.010 0.0 0.9214,0.0100 3008 6.99E-001 769.0 100.0 748.4 非数字 1.00 0.00 0.00
232 2017_06_15 14:15:59 431 255 0 -0.010 0.0 0.9214,0.0100 3008 6.99E-001 769.0 100.0 748.4 非数字 1.00 0.00 0.00
233 2017_06_15 14:15:59 434 255 0 -0.010 0.0 0.9214,0.0100 3008 6.99E-001 769.0 100.0 748.4 非数字 1.00 0.00 0.00
234 2017_06_15 14:15:59 437 255 0 -0.010 0.0 0.9214,0.0100 3008 6.99E-001 769.0 100.0 748.4 非数字 1.00 0.00 0.00
235 2017_06_15 14:15:59 440 255 0 -0.010 0.0 0.9214,0.0100 3008 6.99E-001 769.0 100.0 748.4 非数字 1.00 0.00 0.00
236 2017_06_15 14:15:59 443 255 0 -0.010 0.0 0.9214,0.0100 3008 6.99E-001 769.0 100.0 748.4 非数字 1.00 0.00 0.00
237 2017_06_15 14:15:59 446 255 0 -0.010 0.0 0.9214,0.0100 3008 6.99E-001 769.0 100.0 748.4 非数字 1.00 0.00 0.00
238 2017_06_15 14:15:59 449 255 0 -0.010 0.0 0.9214,0.0100 3008 6.99E-001 769.0 100.0 748.4 非数字 1.00 0.00 0.00
239 2017_06_15 14:15:59 452 255 0 -0.010 0.0 0.9214,0.0100 3008 6.99E-001 769.0 100.0 748.4 非数字 1.00 0.00 0.00
240 2017_06_15 14:15:59 456 255 0 -0.010 0.0 0.9214,0.0100 3008 6.99E-001 769.0 100.0 748.4 非数字 1.00 0.00 0.00
241 2017_06_15 14:15:59 459 255 0 -0.010 0.0 0.9214,0.0100 3008 6.99E-001 769.0 100.0 748.4 非数字 1.00 0.00 0.00
242 2017_06_15 14:15:59 462 255 0 -0.010 0.0 0.9214,0.0100 3008 6.99E-001 769.0 100.0 748.4 非数字 1.00 0.00 0.00
243 2017_06_15 14:15:59 465 255 0 -0.010 0.0 0.9214,0.0100 3008 6.99E-001 769.0 100.0 748.4 非数字 1.00 0.00 0.00
244 2017_06_15 14:15:59 468 255 0 -0.010 0.0 0.9214,0.0100 3008 6.99E-001 769.0 100.0 748.4 非数字 1.00 0.00 0.00
245 2017_06_15 14:15:59 471 255 0 -0.010 0.0 0.9214,0.0100 3008 6.99E-001 769.0 100.0 748.4 非数字 1.00 0.00 0.00
246 2017_06_15 14:15:59 474 255 0 -0.010 0.0 0.9214,0.0100 3008 6.99E-001 769.0 100.0 748.4 非数字 1.00 0.00 0.00
247 2017_06_15 14:15:59 478 255 0 -0.010 0.0 0.9214,0.0100 3008 6.99E-001 769.0 100.0 748.4 非数字 1.00 0.00 0.00
248 2017_06_15 14:15:59 480 255 0 -0.010 0.0 0.9214,0.0100 3008 6.99E-001 769.0 100.0 748.4 非数字 1.00 0.00 0.00
249 2017_06_15 14:15:59 483 255 0 -0.010 0.0 0.9214,0.0100 3008 6.99E-001 769.0 100.0 748.4 非数字 1.00 0.00 0.00
250 2017_06_15 14:15:59 486 255 0 -0.010 0.0 0.9214,0.0100 3008 6.99E-001 769.0 100.0 748.4 非数字 1.00 0.00 0.00
251 2017_06_15 14:15:59 489 255 0 -0.010 0.0 0.9214,0.0100 3008 6.99E-001 769.0 100.0 748.4 非数字 1.00 0.00 0.00
252 2017_06_15 14:15:59 492 255 0 -0.010 0.0 0.9214,0.0100 3008 6.99E-001 769.0 100.0 748.4 非数字 1.00 0.00 0.00
253 2017_06_15 14:15:59 495 255 0 -0.010 0.0 0.9214,0.0100 3008 6.99E-001 769.0 100.0 748.4 非数字 1.00 0.00 0.00
254 2017_06_15 14:15:59 498 255 0 -0.010 0.0 0.9214,0.0100 3008 6.99E-001 769.0 100.0 748.4 非数字 1.00 0.00 0.00
255 2017_06_15 14:15:59 501 255 0 -0.010 0.0 0.9214,0.0100 3008 6.99E-001 769.0 100.0 748.4 非数字 1.00 0.00 0.00
256 2017_06_15 14:15:59 504 255 0 -0.010 0.0 0.9214,0.0100 3008 6.99E-001 769.0 100.0 748.4 非数字 1.00 0.00 0.00
257 2017_06_15 14:15:59 508 255 0 -0.010 0.0 0.9214,0.0100 3008 6.99E-001 769.0 100.0 748.4 非数字 1.00 0.00 0.00
258 2017_06_15 14:15:59 511 255 0 -0.010 0.0 0.9214,0.0100 3008 6.99E-001 769.0 100.0 748.4 非数字 1.00 0.00 0.00
259 2017_06_15 14:15:59 514 255 0 -0.010 0.0 0.9214,0.0100 3008 6.99E-001 769.0 100.0 748.4 非数字 1.00 0.00 0.00
260 2017_06_15 14:15:59 519 255 0 -0.010 0.0 0.9214,0.0100 3008 6.99E-001 769.0 100.0 748.4 非数字 1.00 0.00 0.00
261 2017_06_15 14:15:59 523 255 0 -0.010 0.0 0.9214,0.0100 3008 6.99E-001 769.0 100.0 748.4 非数字 1.00 0.00 0.00
262 2017_06_15 14:15:59 526 255 0 -0.010 0.0 0.9214,0.0100 3008 6.99E-001 769.0 100.0 748.4 非数字 1.00 0.00 0.00
263 2017_06_15 14:15:59 529 255 0 -0.010 0.0 0.9214,0.0100 3008 6.99E-001 769.0 100.0 748.4 非数字 1.00 0.00 0.00
264 2017_06_15 14:15:59 532 255 0 -0.010 0.0 0.9214,0.0100 3008 6.99E-001 769.0 100.0 748.4 非数字 1.00 0.00 0.00
265 2017_06_15 14:15:59 535 255 0 -0.010 0.0 0.9214,0.0100 3008 6.99E-001 769.0 100.0 748.4 非数字 1.00 0.00 0.00
266 2017_06_15 14:15:59 538 255 0 -0.010 0.0 0.9214,0.0100 3008 6.99E-001 769.0 100.0 748.4 非数字 1.00 0.00 0.00
267 2017_06_15 14:15:59 541 255 0 -0.010 0.0 0.9214,0.0100 3008 6.99E-001 769.0 100.0 748.4 非数字 1.00 0.00 0.00
268 2017_06_15 14:15:59 545 255 0 -0.010 0.0 0.9214,0.0100 3008 6.99E-001 769.0 100.0 748.4 非数字 1.00 0.00 0.00
269 2017_06_15 14:15:59 548 255 0 -0.010 0.0 0.9214,0.0100 3008 6.99E-001 769.0 100.0 748.4 非数字 1.00 0.00 0.00
270 2017_06_15 14:15:59 551 255 0 -0.010 0.0 0.9214,0.0100 3008 6.99E-001 769.0 100.0 748.4 非数字 1.00 0.00 0.00
271 2017_06_15 14:15:59 554 255 0 -0.010 0.0 0.9214,0.0100 3008 6.99E-001 769.0 100.0 748.4 非数字 1.00 0.00 0.00
272 2017_06_15 14:15:59 557 255 0 -0.010 0.0 0.9214,0.0100 3008 6.99E-001 769.0 100.0 748.4 非数字 1.00 0.00 0.00
273 2017_06_15 14:15:59 561 255 0 -0.010 0.0 0.9214,0.0100 3008 6.99E-001 769.0 100.0 748.4 非数字 1.00 0.00 0.00
274 2017_06_15 14:15:59 564 255 0 -0.010 0.0 0.9214,0.0100 3008 6.99E-001 769.0 100.0 748.4 非数字 1.00 0.00 0.00
275 2017_06_15 14:15:59 567 255 0 -0.010 0.0 0.9214,0.0100 3008 6.99E-001 769.0 100.0 748.4 非数字 1.00 0.00 0.00
276 2017_06_15 14:15:59 570 255 0 -0.010 0.0 0.9214,0.0100 3008 6.99E-001 769.0 100.0 748.4 非数字 1.00 0.00 0.00
277 2017_06_15 14:15:59 575 255 0 -0.010 0.0 0.9214,0.0100 3008 6.99E-001 769.0 100.0 748.4 非数字 1.00 0.00 0.00
278 2017_06_15 14:15:59 578 255 0 -0.010 0.0 0.9214,0.0100 3008 6.99E-001 769.0 100.0 748.4 非数字 1.00 0.00 0.00
279 2017_06_15 14:15:59 581 255 0 -0.010 0.0 0.9214,0.0100 3008 6.99E-001 769.0 100.0 748.4 非数字 1.00 0.00 0.00
280 2017_06_15 14:15:59 584 255 0 -0.010 0.0 0.9214,0.0100 3008 6.99E-001 769.0 100.0 748.4 非数字 1.00 0.00 0.00
281 2017_06_15 14:15:59 587 255 0 -0.010 0.0 0.9214,0.0100 3008 6.99E-001 769.0 100.0 748.4 非数字 1.00 0.00 0.00
282 2017_06_15 14:15:59 590 255 0 -0.010 0.0 0.9214,0.0100 3008 6.99E-001 769.0 100.0 748.4 非数字 1.00 0.00 0.00
283 2017_06_15 14:15:59 593 255 0 -0.010 0.0 0.9214,0.0100 3008 6.99E-001 769.0 100.0 748.4 非数字 1.00 0.00 0.00
284 2017_06_15 14:15:59 596 255 0 -0.010 0.0 0.9214,0.0100 3008 6.99E-001 769.0 100.0 748.4 非数字 1.00 0.00 0.00
285 2017_06_15 14:15:59 599 255 0 -0.010 0.0 0.9214,0.0100 3008 6.99E-001 769.0 100.0 748.4 非数字 1.00 0.00 0.00
286 2017_06_15 14:15:59 602 255 0 -0.010 0.0 0.9214,0.0100 3008 6.99E-001 769.0 100.0 748.4 非数字 1.00 0.00 0.00
287 2017_06_15 14:15:59 605 255 0 -0.010 0.0 0.9214,0.0100 3008 6.99E-001 769.0 100.0 748.4 非数字 1.00 0.00 0.00
288 2017_06_15 14:15:59 609 255 0 -0.010 0.0 0.9214,0.0100 3008 6.99E-001 769.0 100.0 748.4 非数字 1.00 0.00 0.00
289 2017_06_15 14:15:59 612 255 0 -0.010 0.0 0.9214,0.0100 3008 6.99E-001 769.0 100.0 748.4 非数字 1.00 0.00 0.00
290 2017_06_15 14:15:59 615 255 0 -0.010 0.0 0.9214,0.0100 3008 6.99E-001 769.0 100.0 748.4 非数字 1.00 0.00 0.00
291 2017_06_15 14:15:59 618 255 0 -0.010 0.0 0.9214,0.0100 3008 6.99E-001 769.0 100.0 748.4 非数字 1.00 0.00 0.00
292 2017_06_15 14:15:59 621 255 0 -0.010 0.0 0.9214,0.0100 3008 6.99E-001 769.0 100.0 748.4 非数字 1.00 0.00 0.00
293 2017_06_15 14:15:59 624 255 0 -0.010 0.0 0.9214,0.0100 3008 6.99E-001 769.0 100.0 748.4 非数字 1.00 0.00 0.00
294 2017_06_15 14:15:59 628 255 0 -0.010 0.0 0.9214,0.0100 3008 6.99E-001 769.0 100.0 748.4 非数字 1.00 0.00 0.00
295 2017_06_15 14:15:59 632 255 0 -0.010 0.0 0.9214,0.0100 3008 6.99E-001 769.0 100.0 748.4 非数字 1.00 0.00 0.00
296 2017_06_15 14:15:59 635 255 0 -0.010 0.0 0.9214,0.0100 3008 6.99E-001 769.0 100.0 748.4 非数字 1.00 0.00 0.00
297 2017_06_15 14:15:59 638 255 0 -0.010 0.0 0.9214,0.0100 3008 6.99E-001 769.0 100.0 748.4 非数字 1.00 0.00 0.00
298 2017_06_15 14:15:59 644 255 0 -0.010 0.0 0.9214,0.0100 3008 6.99E-001 769.0 100.0 748.4 非数字 1.00 0.00 0.00
299 2017_06_15 14:15:59 650 255 0 -0.010 0.0 0.9214,0.0100 3008 6.99E-001 769.0 100.0 748.4 非数字 1.00 0.00 0.00
300 2017_06_15 14:15:59 654 255 0 -0.010 0.0 0.9214,0.0100 3008 6.99E-001 769.0 100.0 748.4 非数字 1.00 0.00 0.00
301 2017_06_15 14:15:59 657 255 0 -0.010 0.0 0.9214,0.0100 3008 6.99E-001 769.0 100.0 748.4 非数字 1.00 0.00 0.00
302 2017_06_15 14:15:59 660 255 0 -0.010 0.0 0.9214,0.0100 3008 6.99E-001 769.0 100.0 748.4 非数字 1.00 0.00 0.00
303 2017_06_15 14:15:59 663 255 0 -0.010 0.0 0.9214,0.0100 3008 6.99E-001 769.0 100.0 748.4 非数字 1.00 0.00 0.00
304 2017_06_15 14:15:59 670 255 0 -0.010 0.0 0.9214,0.0100 3008 6.99E-001 769.0 100.0 748.4 非数字 1.00 0.00 0.00
305 2017_06_15 14:15:59 673 255 0 -0.010 0.0 0.9214,0.0100 3008 6.99E-001 769.0 100.0 748.4 非数字 1.00 0.00 0.00
306 2017_06_15 14:15:59 676 255 0 -0.010 0.0 0.9214,0.0100 3008 6.99E-001 769.0 100.0 748.4 非数字 1.00 0.00 0.00
307 2017_06_15 14:15:59 679 255 0 -0.010 0.0 0.9214,0.0100 3008 6.99E-001 769.0 100.0 748.4 非数字 1.00 0.00 0.00
308 2017_06_15 14:15:59 682 255 0 -0.010 0.0 0.9214,0.0100 3008 6.99E-001 769.0 100.0 748.4 非数字 1.00 0.00 0.00
309 2017_06_15 14:15:59 685 255 0 -0.010 0.0 0.9214,0.0100 3008 6.99E-001 769.0 100.0 748.4 非数字 1.00 0.00 0.00
310 2017_06_15 14:15:59 688 255 0 -0.010 0.0 0.9214,0.0100 3008 6.99E-001 769.0 100.0 748.4 非数字 1.00 0.00 0.00
311 2017_06_15 14:15:59 691 255 0 -0.010 0.0 0.9214,0.0100 3008 6.99E-001 769.0 100.0 748.4 非数字 1.00 0.00 0.00
312 2017_06_15 14:15:59 694 255 0 -0.010 0.0 0.9214,0.0100 3008 6.99E-001 769.0 100.0 748.4 非数字 1.00 0.00 0.00
313 2017_06_15 14:15:59 697 255 0 -0.010 0.0 0.9214,0.0100 3008 6.99E-001 769.0 100.0 748.4 非数字 1.00 0.00 0.00
314 2017_06_15 14:15:59 700 255 0 -0.010 0.0 0.9214,0.0100 3008 6.99E-001 769.0 100.0 748.4 非数字 1.00 0.00 0.00
315 2017_06_15 14:15:59 703 255 0 -0.010 0.0 0.9214,0.0100 3008 6.99E-001 769.0 100.0 748.4 非数字 1.00 0.00 0.00
316 2017_06_15 14:15:59 706 255 0 -0.010 0.0 0.9214,0.0100 3008 6.99E-001 769.0 100.0 748.4 非数字 1.00 0.00 0.00
317 2017_06_15 14:15:59 709 255 0 -0.010 0.0 0.9214,0.0100 3008 6.99E-001 769.0 100.0 748.4 非数字 1.00 0.00 0.00
318 2017_06_15 14:15:59 712 255 0 -0.010 0.0 0.9214,0.0100 3008 6.99E-001 769.0 100.0 748.4 非数字 1.00 0.00 0.00
319 2017_06_15 14:15:59 715 255 0 -0.010 0.0 0.9214,0.0100 3008 6.99E-001 769.0 100.0 748.4 非数字 1.00 0.00 0.00
320 2017_06_15 14:15:59 718 255 0 -0.010 0.0 0.9214,0.0100 3008 6.99E-001 769.0 100.0 748.4 非数字 1.00 0.00 0.00
321 2017_06_15 14:15:59 721 255 0 -0.010 0.0 0.9214,0.0100 3008 6.99E-001 769.0 100.0 748.4 非数字 1.00 0.00 0.00
322 2017_06_15 14:15:59 724 255 0 -0.010 0.0 0.9214,0.0100 3008 6.99E-001 769.0 100.0 748.4 非数字 1.00 0.00 0.00
323 2017_06_15 14:15:59 727 255 0 -0.010 0.0 0.9214,0.0100 3008 6.99E-001 769.0 100.0 748.4 非数字 1.00 0.00 0.00
324 2017_06_15 14:15:59 730 255 0 -0.010 0.0 0.9214,0.0100 3008 6.99E-001 769.0 100.0 748.4 非数字 1.00 0.00 0.00
325 2017_06_15 14:15:59 733 255 0 -0.010 0.0 0.9214,0.0100 3008 6.99E-001 769.0 100.0 748.4 非数字 1.00 0.00 0.00
326 2017_06_15 14:15:59 736 255 0 -0.010 0.0 0.9214,0.0100 3008 6.99E-001 769.0 100.0 748.4 非数字 1.00 0.00 0.00
327 2017_06_15 14:15:59 739 255 0 -0.010 0.0 0.9214,0.0100 3008 6.99E-001 769.0 100.0 748.4 非数字 1.00 0.00 0.00
328 2017_06_15 14:15:59 743 255 0 -0.010 0.0 0.9214,0.0100 3008 6.99E-001 769.0 100.0 748.4 非数字 1.00 0.00 0.00
329 2017_06_15 14:15:59 746 255 0 -0.010 0.0 0.9214,0.0100 3008 6.99E-001 769.0 100.0 748.4 非数字 1.00 0.00 0.00
330 2017_06_15 14:15:59 749 255 0 -0.010 0.0 0.9214,0.0100 3008 6.99E-001 769.0 100.0 748.4 非数字 1.00 0.00 0.00
331 2017_06_15 14:15:59 753 255 0 -0.010 0.0 0.9214,0.0100 3008 6.99E-001 769.0 100.0 748.4 非数字 1.00 0.00 0.00
332 2017_06_15 14:15:59 756 255 0 -0.010 0.0 0.9214,0.0100 3008 6.99E-001 769.0 100.0 748.4 非数字 1.00 0.00 0.00
333 2017_06_15 14:15:59 759 255 0 -0.010 0.0 0.9214,0.0100 3008 6.99E-001 769.0 100.0 748.4 非数字 1.00 0.00 0.00
334 2017_06_15 14:15:59 762 255 0 -0.010 0.0 0.9214,0.0100 3008 6.99E-001 769.0 100.0 748.4 非数字 1.00 0.00 0.00
335 2017_06_15 14:15:59 765 255 0 -0.010 0.0 0.9214,0.0100 3008 6.99E-001 769.0 100.0 748.4 非数字 1.00 0.00 0.00
336 2017_06_15 14:15:59 768 255 0 -0.010 0.0 0.9214,0.0100 3008 6.99E-001 769.0 100.0 748.4 非数字 1.00 0.00 0.00
337 2017_06_15 14:15:59 771 255 0 -0.010 0.0 0.9214,0.0100 3008 6.99E-001 769.0 100.0 748.4 非数字 1.00 0.00 0.00
338 2017_06_15 14:15:59 774 255 0 -0.010 0.0 0.9214,0.0100 3008 6.99E-001 769.0 100.0 748.4 非数字 1.00 0.00 0.00
339 2017_06_15 14:15:59 778 255 0 -0.010 0.0 0.9214,0.0100 3008 6.99E-001 769.0 100.0 748.4 非数字 1.00 0.00 0.00
340 2017_06_15 14:15:59 781 255 0 -0.010 0.0 0.9214,0.0100 3008 6.99E-001 769.0 100.0 748.4 非数字 1.00 0.00 0.00
341 2017_06_15 14:15:59 784 255 0 -0.010 0.0 0.9214,0.0100 3008 6.99E-001 769.0 100.0 748.4 非数字 1.00 0.00 0.00
342 2017_06_15 14:15:59 787 255 0 -0.010 0.0 0.9214,0.0100 3008 6.99E-001 769.0 100.0 748.4 非数字 1.00 0.00 0.00
343 2017_06_15 14:15:59 790 255 0 -0.010 0.0 0.9214,0.0100 3008 6.99E-001 769.0 100.0 748.4 非数字 1.00 0.00 0.00
344 2017_06_15 14:15:59 793 255 0 -0.010 0.0 0.9214,0.0100 3008 6.99E-001 769.0 100.0 748.4 非数字 1.00 0.00 0.00
345 2017_06_15 14:15:59 796 255 0 -0.010 0.0 0.9214,0.0100 3008 6.99E-001 769.0 100.0 748.4 非数字 1.00 0.00 0.00
346 2017_06_15 14:15:59 799 255 0 -0.010 0.0 0.9214,0.0100 3008 6.99E-001 769.0 100.0 748.4 非数字 1.00 0.00 0.00
347 2017_06_15 14:15:59 802 255 0 -0.010 0.0 0.9214,0.0100 3008 6.99E-001 769.0 100.0 748.4 非数字 1.00 0.00 0.00
348 2017_06_15 14:15:59 805 255 0 -0.010 0.0 0.9214,0.0100 3008 6.99E-001 769.0 100.0 748.4 非数字 1.00 0.00 0.00
349 2017_06_15 14:15:59 808 255 0 -0.010 0.0 0.9214,0.0100 3008 6.99E-001 769.0 100.0 748.4 非数字 1.00 0.00 0.00
350 2017_06_15 14:15:59 811 255 0 -0.010 0.0 0.9214,0.0100 3008 6.99E-001 769.0 100.0 748.4 非数字 1.00 0.00 0.00
351 2017_06_15 14:15:59 814 255 0 -0.010 0.0 0.9214,0.0100 3008 6.99E-001 769.0 100.0 748.4 非数字 1.00 0.00 0.00
352 2017_06_15 14:15:59 817 255 0 -0.010 0.0 0.9214,0.0100 3008 6.99E-001 769.0 100.0 748.4 非数字 1.00 0.00 0.00
353 2017_06_15 14:15:59 820 255 0 -0.010 0.0 0.9214,0.0100 3008 6.99E-001 769.0 100.0 748.4 非数字 1.00 0.00 0.00
354 2017_06_15 14:15:59 823 255 0 -0.010 0.0 0.9214,0.0100 3008 6.99E-001 769.0 100.0 748.4 非数字 1.00 0.00 0.00
355 2017_06_15 14:15:59 826 255 0 -0.010 0.0 0.9214,0.0100 3008 6.99E-001 769.0 100.0 748.4 非数字 1.00 0.00 0.00
356 2017_06_15 14:15:59 829 255 0 -0.010 0.0 0.9214,0.0100 3008 6.99E-001 769.0 100.0 748.4 非数字 1.00 0.00 0.00
357 2017_06_15 14:15:59 833 255 0 -0.010 0.0 0.9214,0.0100 3008 6.99E-001 769.0 100.0 748.4 非数字 1.00 0.00 0.00
358 2017_06_15 14:15:59 837 255 0 -0.010 0.0 0.9214,0.0100 3008 6.99E-001 769.0 100.0 748.4 非数字 1.00 0.00 0.00
359 2017_06_15 14:15:59 840 255 0 -0.010 0.0 0.9214,0.0100 3008 6.99E-001 769.0 100.0 748.4 非数字 1.00 0.00 0.00
360 2017_06_15 14:15:59 843 255 0 -0.010 0.0 0.9214,0.0100 3008 6.99E-001 769.0 100.0 748.4 非数字 1.00 0.00 0.00
361 2017_06_15 14:15:59 846 255 0 -0.010 0.0 0.9214,0.0100 3008 6.99E-001 769.0 100.0 748.4 非数字 1.00 0.00 0.00
362 2017_06_15 14:15:59 849 255 0 -0.010 0.0 0.9214,0.0100 3008 6.99E-001 769.0 100.0 748.4 非数字 1.00 0.00 0.00
363 2017_06_15 14:15:59 852 255 0 -0.010 0.0 0.9214,0.0100 3008 6.99E-001 769.0 100.0 748.4 非数字 1.00 0.00 0.00
364 2017_06_15 14:15:59 855 255 0 -0.010 0.0 0.9214,0.0100 3008 6.99E-001 769.0 100.0 748.4 非数字 1.00 0.00 0.00
365 2017_06_15 14:15:59 859 255 0 -0.010 0.0 0.9214,0.0100 3008 6.99E-001 769.0 100.0 748.4 非数字 1.00 0.00 0.00
366 2017_06_15 14:15:59 862 255 0 -0.010 0.0 0.9214,0.0100 3008 6.99E-001 769.0 100.0 748.4 非数字 1.00 0.00 0.00
367 2017_06_15 14:15:59 865 255 0 -0.010 0.0 0.9214,0.0100 3008 6.99E-001 769.0 100.0 748.4 非数字 1.00 0.00 0.00
368 2017_06_15 14:15:59 868 255 0 -0.010 0.0 0.9214,0.0100 3008 6.99E-001 769.0 100.0 748.4 非数字 1.00 0.00 0.00
369 2017_06_15 14:15:59 871 255 0 -0.010 0.0 0.9214,0.0100 3008 6.99E-001 769.0 100.0 748.4 非数字 1.00 0.00 0.00
370 2017_06_15 14:15:59 874 255 0 -0.010 0.0 0.9214,0.0100 3008 6.99E-001 769.0 100.0 748.4 非数字 1.00 0.00 0.00
371 2017_06_15 14:15:59 878 255 0 -0.010 0.0 0.9214,0.0100 3008 6.99E-001 769.0 100.0 748.4 非数字 1.00 0.00 0.00
372 2017_06_15 14:15:59 881 255 0 -0.010 0.0 0.9214,0.0100 3008 6.99E-001 769.0 100.0 748.4 非数字 1.00 0.00 0.00
373 2017_06_15 14:15:59 884 255 0 -0.010 0.0 0.9214,0.0100 3008 6.99E-001 769.0 100.0 748.4 非数字 1.00 0.00 0.00
374 2017_06_15 14:15:59 887 255 0 -0.010 0.0 0.9214,0.0100 3008 6.99E-001 769.0 100.0 748.4 非数字 1.00 0.00 0.00
375 2017_06_15 14:15:59 890 255 0 -0.010 0.0 0.9214,0.0100 3008 6.99E-001 769.0 100.0 748.4 非数字 1.00 0.00 0.00
376 2017_06_15 14:15:59 893 255 0 -0.010 0.0 0.9214,0.0100 3008 6.99E-001 769.0 100.0 748.4 非数字 1.00 0.00 0.00
377 2017_06_15 14:15:59 896 255 0 -0.010 0.0 0.9214,0.0100 3008 6.99E-001 769.0 100.0 748.4 非数字 1.00 0.00 0.00
378 2017_06_15 14:15:59 899 255 0 -0.010 0.0 0.9214,0.0100 3008 6.99E-001 769.0 100.0 748.4 非数字 1.00 0.00 0.00
379 2017_06_15 14:15:59 902 255 0 -0.010 0.0 0.9214,0.0100 3008 6.99E-001 769.0 100.0 748.4 非数字 1.00 0.00 0.00
380 2017_06_15 14:15:59 905 255 0 -0.010 0.0 0.9214,0.0100 3008 6.99E-001 769.0 100.0 748.4 非数字 1.00 0.00 0.00
381 2017_06_15 14:15:59 908 255 0 -0.010 0.0 0.9214,0.0100 3008 6.99E-001 769.0 100.0 748.4 非数字 1.00 0.00 0.00
382 2017_06_15 14:15:59 911 255 0 -0.010 0.0 0.9214,0.0100 3008 6.99E-001 769.0 100.0 748.4 非数字 1.00 0.00 0.00
383 2017_06_15 14:15:59 914 255 0 -0.010 0.0 0.9214,0.0100 3008 6.99E-001 769.0 100.0 748.4 非数字 1.00 0.00 0.00
384 2017_06_15 14:15:59 917 255 0 -0.010 0.0 0.9214,0.0100 3008 6.99E-001 769.0 100.0 748.4 非数字 1.00 0.00 0.00
385 2017_06_15 14:15:59 920 255 0 -0.010 0.0 0.9214,0.0100 3008 6.99E-001 769.0 100.0 748.4 非数字 1.00 0.00 0.00
386 2017_06_15 14:15:59 923 255 0 -0.010 0.0 0.9214,0.0100 3008 6.99E-001 769.0 100.0 748.4 非数字 1.00 0.00 0.00
387 2017_06_15 14:15:59 926 255 0 -0.010 0.0 0.9214,0.0100 3008 6.99E-001 769.0 100.0 748.4 非数字 1.00 0.00 0.00
388 2017_06_15 14:15:59 929 255 0 -0.010 0.0 0.9214,0.0100 3008 6.99E-001 769.0 100.0 748.4 非数字 1.00 0.00 0.00
389 2017_06_15 14:15:59 932 255 0 -0.010 0.0 0.9214,0.0100 3008 6.99E-001 769.0 100.0 748.4 非数字 1.00 0.00 0.00
390 2017_06_15 14:15:59 935 255 0 -0.010 0.0 0.9214,0.0100 3008 6.99E-001 769.0 100.0 748.4 非数字 1.00 0.00 0.00
391 2017_06_15 14:15:59 938 255 0 -0.010 0.0 0.9214,0.0100 3008 6.99E-001 769.0 100.0 748.4 非数字 1.00 0.00 0.00
392 2017_06_15 14:15:59 941 255 0 -0.010 0.0 0.9214,0.0100 3008 6.99E-001 769.0 100.0 748.4 非数字 1.00 0.00 0.00
393 2017_06_15 14:15:59 944 255 0 -0.010 0.0 0.9214,0.0100 3008 6.99E-001 769.0 100.0 748.4 非数字 1.00 0.00 0.00
394 2017_06_15 14:15:59 947 255 0 -0.010 0.0 0.9214,0.0100 3008 6.99E-001 769.0 100.0 748.4 非数字 1.00 0.00 0.00
395 2017_06_15 14:15:59 951 255 0 -0.010 0.0 0.9214,0.0100 3008 6.99E-001 769.0 100.0 748.4 非数字 1.00 0.00 0.00
396 2017_06_15 14:15:59 954 255 0 -0.010 0.0 0.9214,0.0100 3008 6.99E-001 769.0 100.0 748.4 非数字 1.00 0.00 0.00
397 2017_06_15 14:15:59 958 255 0 -0.010 0.0 0.9214,0.0100 3008 6.99E-001 769.0 100.0 748.4 非数字 1.00 0.00 0.00
398 2017_06_15 14:15:59 961 255 0 -0.010 0.0 0.9214,0.0100 3008 6.99E-001 769.0 100.0 748.4 非数字 1.00 0.00 0.00
399 2017_06_15 14:15:59 964 255 0 -0.010 0.0 0.9214,0.0100 3008 6.99E-001 769.0 100.0 748.4 非数字 1.00 0.00 0.00
400 2017_06_15 14:15:59 967 255 0 -0.010 0.0 0.9214,0.0100 3008 6.99E-001 769.0 100.0 748.4 非数字 1.00 0.00 0.00
401 2017_06_15 14:15:59 970 255 0 -0.010 0.0 0.9214,0.0100 3008 6.99E-001 769.0 100.0 748.4 非数字 1.00 0.00 0.00
402 2017_06_15 14:15:59 973 255 0 -0.010 0.0 0.9214,0.0100 3008 6.99E-001 769.0 100.0 748.4 非数字 1.00 0.00 0.00
403 2017_06_15 14:15:59 976 255 0 -0.010 0.0 0.9214,0.0100 3008 6.99E-001 769.0 100.0 748.4 非数字 1.00 0.00 0.00
404 2017_06_15 14:15:59 979 255 0 -0.010 0.0 0.9214,0.0100 3008 6.99E-001 769.0 100.0 748.4 非数字 1.00 0.00 0.00
405 2017_06_15 14:15:59 982 255 0 -0.010 0.0 0.9214,0.0100 3008 6.99E-001 769.0 100.0 748.4 非数字 1.00 0.00 0.00
406 2017_06_15 14:15:59 985 255 0 -0.010 0.0 0.9214,0.0100 3008 6.99E-001 769.0 100.0 748.4 非数字 1.00 0.00 0.00
407 2017_06_15 14:15:59 988 255 0 -0.010 0.0 0.9214,0.0100 3008 6.99E-001 769.0 100.0 748.4 非数字 1.00 0.00 0.00
408 2017_06_15 14:15:59 991 255 0 -0.010 0.0 0.9214,0.0100 3008 6.99E-001 769.0 100.0 748.4 非数字 1.00 0.00 0.00
409 2017_06_15 14:15:59 994 255 0 -0.010 0.0 0.9214,0.0100 3008 6.99E-001 769.0 100.0 748.4 非数字 1.00 0.00 0.00
410 2017_06_15 14:15:59 997 255 0 -0.010 0.0 0.9214,0.0100 3008 6.99E-001 769.0 100.0 748.4 非数字 1.00 0.00 0.00
411 2017_06_15 14:16:00 000 255 0 -0.010 0.0 0.9214,0.0100 3008 6.99E-001 769.0 100.0 748.4 非数字 1.00 0.00 0.00
412 2017_06_15 14:16:00 003 255 0 -0.010 0.0 0.9214,0.0100 3008 6.99E-001 769.0 100.0 748.4 非数字 1.00 0.00 0.00
413 2017_06_15 14:16:00 007 255 0 -0.010 0.0 0.9214,0.0100 3008 6.99E-001 769.0 100.0 748.4 非数字 1.00 0.00 0.00
414 2017_06_15 14:16:00 010 255 0 -0.010 0.0 0.9214,0.0100 3008 6.99E-001 769.0 100.0 748.4 非数字 1.00 0.00 0.00
415 2017_06_15 14:16:00 013 255 0 -0.010 0.0 0.9214,0.0100 3008 6.99E-001 769.0 100.0 748.4 非数字 1.00 0.00 0.00
416 2017_06_15 14:16:00 016 255 0 -0.010 0.0 0.9214,0.0100 3008 6.99E-001 769.0 100.0 748.4 非数字 1.00 0.00 0.00
417 2017_06_15 14:16:00 019 255 0 -0.010 0.0 0.9214,0.0100 3008 6.99E-001 769.0 100.0 748.4 非数字 1.00 0.00 0.00
418 2017_06_15 14:16:00 022 255 0 -0.010 0.0 0.9214,0.0100 3008 6.99E-001 769.0 100.0 748.4 非数字 1.00 0.00 0.00
419 2017_06_15 14:16:00 025 255 0 -0.010 0.0 0.9214,0.0100 3008 6.99E-001 769.0 100.0 748.4 非数字 1.00 0.00 0.00
420 2017_06_15 14:16:00 028 255 0 -0.010 0.0 0.9214,0.0100 3008 6.99E-001 769.0 100.0 748.4 非数字 1.00 0.00 0.00
421 2017_06_15 14:16:00 031 255 0 -0.010 0.0 0.9214,0.0100 3008 6.99E-001 769.0 100.0 748.4 非数字 1.00 0.00 0.00
422 2017_06_15 14:16:00 034 255 0 -0.010 0.0 0.9214,0.0100 3008 6.99E-001 769.0 100.0 748.4 非数字 1.00 0.00 0.00
423 2017_06_15 14:16:00 037 255 0 -0.010 0.0 0.9214,0.0100 3008 6.99E-001 769.0 100.0 748.4 非数字 1.00 0.00 0.00
424 2017_06_15 14:16:00 040 255 0 -0.010 0.0 0.9214,0.0100 3008 6.99E-001 769.0 100.0 748.4 非数字 1.00 0.00 0.00
425 2017_06_15 14:16:00 043 255 0 -0.010 0.0 0.9214,0.0100 3008 6.99E-001 769.0 100.0 748.4 非数字 1.00 0.00 0.00
426 2017_06_15 14:16:00 047 255 0 -0.010 0.0 0.9214,0.0100 3008 6.99E-001 769.0 100.0 748.4 非数字 1.00 0.00 0.00
427 2017_06_15 14:16:00 050 255 0 -0.010 0.0 0.9214,0.0100 3008 6.99E-001 769.0 100.0 748.4 非数字 1.00 0.00 0.00
428 2017_06_15 14:16:00 053 255 0 -0.010 0.0 0.9214,0.0100 3008 6.99E-001 769.0 100.0 748.4 非数字 1.00 0.00 0.00
429 2017_06_15 14:16:00 056 255 0 -0.010 0.0 0.9214,0.0100 3008 6.99E-001 769.0 100.0 748.4 非数字 1.00 0.00 0.00
430 2017_06_15 14:16:00 059 255 0 -0.010 0.0 0.9214,0.0100 3008 6.99E-001 769.0 100.0 748.4 非数字 1.00 0.00 0.00
431 2017_06_15 14:16:00 063 255 0 -0.010 0.0 0.9214,0.0100 3008 6.99E-001 769.0 100.0 748.4 非数字 1.00 0.00 0.00
432 2017_06_15 14:16:00 066 255 0 -0.010 0.0 0.9214,0.0100 3008 6.99E-001 769.0 100.0 748.4 非数字 1.00 0.00 0.00
433 2017_06_15 14:16:00 069 255 0 -0.010 0.0 0.9214,0.0100 3008 6.99E-001 769.0 100.0 748.4 非数字 1.00 0.00 0.00
434 2017_06_15 14:16:00 072 255 0 -0.010 0.0 0.9214,0.0100 3008 6.99E-001 769.0 100.0 748.4 非数字 1.00 0.00 0.00
435 2017_06_15 14:16:00 076 255 0 -0.010 0.0 0.9214,0.0100 3008 6.99E-001 769.0 100.0 748.4 非数字 1.00 0.00 0.00
436 2017_06_15 14:16:00 079 255 0 -0.010 0.0 0.9214,0.0100 3008 6.99E-001 769.0 100.0 748.4 非数字 1.00 0.00 0.00
437 2017_06_15 14:16:00 083 255 0 -0.010 0.0 0.9214,0.0100 3008 6.99E-001 769.0 100.0 748.4 非数字 1.00 0.00 0.00
438 2017_06_15 14:16:00 086 255 0 -0.010 0.0 0.9214,0.0100 3008 6.99E-001 769.0 100.0 748.4 非数字 1.00 0.00 0.00
439 2017_06_15 14:16:00 089 255 0 -0.010 0.0 0.9214,0.0100 3008 6.99E-001 769.0 100.0 748.4 非数字 1.00 0.00 0.00
440 2017_06_15 14:16:00 093 255 0 -0.010 0.0 0.9214,0.0100 3008 6.99E-001 769.0 100.0 748.4 非数字 1.00 0.00 0.00
441 2017_06_15 14:16:00 097 255 0 -0.010 0.0 0.9214,0.0100 3008 6.99E-001 769.0 100.0 748.4 非数字 1.00 0.00 0.00
442 2017_06_15 14:16:00 101 255 0 -0.010 0.0 0.9214,0.0100 3008 6.99E-001 769.0 100.0 748.4 非数字 1.00 0.00 0.00
443 2017_06_15 14:16:00 105 255 0 -0.010 0.0 0.9214,0.0100 3008 6.99E-001 769.0 100.0 748.4 非数字 1.00 0.00 0.00
444 2017_06_15 14:16:00 109 255 0 -0.010 0.0 0.9214,0.0100 3008 6.99E-001 769.0 100.0 748.4 非数字 1.00 0.00 0.00
445 2017_06_15 14:16:00 112 255 0 -0.010 0.0 0.9214,0.0100 3008 6.99E-001 769.0 100.0 748.4 非数字 1.00 0.00 0.00
446 2017_06_15 14:16:00 115 255 0 -0.010 0.0 0.9214,0.0100 3008 6.99E-001 769.0 100.0 748.4 非数字 1.00 0.00 0.00
447 2017_06_15 14:16:00 119 255 0 -0.010 0.0 0.9214,0.0100 3008 6.99E-001 769.0 100.0 748.4 非数字 1.00 0.00 0.00
448 2017_06_15 14:16:00 122 255 0 -0.010 0.0 0.9214,0.0100 3008 6.99E-001 769.0 100.0 748.4 非数字 1.00 0.00 0.00
449 2017_06_15 14:16:00 125 255 0 -0.010 0.0 0.9214,0.0100 3008 6.99E-001 769.0 100.0 748.4 非数字 1.00 0.00 0.00
450 2017_06_15 14:16:00 128 255 0 -0.010 0.0 0.9214,0.0100 3008 6.99E-001 769.0 100.0 748.4 非数字 1.00 0.00 0.00
451 2017_06_15 14:16:00 131 255 0 -0.010 0.0 0.9214,0.0100 3008 6.99E-001 769.0 100.0 748.4 非数字 1.00 0.00 0.00
452 2017_06_15 14:16:00 134 255 0 -0.010 0.0 0.9214,0.0100 3008 6.99E-001 769.0 100.0 748.4 非数字 1.00 0.00 0.00
453 2017_06_15 14:16:00 137 255 0 -0.010 0.0 0.9214,0.0100 3008 6.99E-001 769.0 100.0 748.4 非数字 1.00 0.00 0.00
454 2017_06_15 14:16:00 140 255 0 -0.010 0.0 0.9214,0.0100 3008 6.99E-001 769.0 100.0 748.4 非数字 1.00 0.00 0.00
455 2017_06_15 14:16:00 144 255 0 -0.010 0.0 0.9214,0.0100 3008 6.99E-001 769.0 100.0 748.4 非数字 1.00 0.00 0.00
456 2017_06_15 14:16:00 148 255 0 -0.010 0.0 0.9214,0.0100 3008 6.99E-001 769.0 100.0 748.4 非数字 1.00 0.00 0.00
457 2017_06_15 14:16:00 150 255 0 -0.010 0.0 0.9214,0.0100 3008 6.99E-001 769.0 100.0 748.4 非数字 1.00 0.00 0.00
458 2017_06_15 14:16:00 153 255 0 -0.010 0.0 0.9214,0.0100 3008 6.99E-001 769.0 100.0 748.4 非数字 1.00 0.00 0.00
459 2017_06_15 14:16:00 156 255 0 -0.010 0.0 0.9214,0.0100 3008 6.99E-001 769.0 100.0 748.4 非数字 1.00 0.00 0.00
460 2017_06_15 14:16:00 160 255 0 -0.010 0.0 0.9214,0.0100 3008 6.99E-001 769.0 100.0 748.4 非数字 1.00 0.00 0.00
461 2017_06_15 14:16:00 163 255 0 -0.010 0.0 0.9214,0.0100 3008 6.99E-001 769.0 100.0 748.4 非数字 1.00 0.00 0.00
462 2017_06_15 14:16:00 166 255 0 -0.010 0.0 0.9214,0.0100 3008 6.99E-001 769.0 100.0 748.4 非数字 1.00 0.00 0.00
463 2017_06_15 14:16:00 169 255 0 -0.010 0.0 0.9214,0.0100 3008 6.99E-001 769.0 100.0 748.4 非数字 1.00 0.00 0.00
464 2017_06_15 14:16:00 172 255 0 -0.010 0.0 0.9214,0.0100 3008 6.99E-001 769.0 100.0 748.4 非数字 1.00 0.00 0.00
465 2017_06_15 14:16:00 175 255 0 -0.010 0.0 0.9214,0.0100 3008 6.99E-001 769.0 100.0 748.4 非数字 1.00 0.00 0.00
466 2017_06_15 14:16:00 178 255 0 -0.010 0.0 0.9214,0.0100 3008 6.99E-001 769.0 100.0 748.4 非数字 1.00 0.00 0.00
467 2017_06_15 14:16:00 181 255 0 -0.010 0.0 0.9214,0.0100 3008 6.99E-001 769.0 100.0 748.4 非数字 1.00 0.00 0.00
468 2017_06_15 14:16:00 184 255 0 -0.010 0.0 0.9214,0.0100 3008 6.99E-001 769.0 100.0 748.4 非数字 1.00 0.00 0.00
469 2017_06_15 14:16:00 187 255 0 -0.010 0.0 0.9214,0.0100 3008 6.99E-001 769.0 100.0 748.4 非数字 1.00 0.00 0.00
470 2017_06_15 14:16:00 190 255 0 -0.010 0.0 0.9214,0.0100 3008 6.99E-001 769.0 100.0 748.4 非数字 1.00 0.00 0.00
471 2017_06_15 14:16:00 193 255 0 -0.010 0.0 0.9214,0.0100 3008 6.99E-001 769.0 100.0 748.4 非数字 1.00 0.00 0.00
472 2017_06_15 14:16:00 196 255 0 -0.010 0.0 0.9214,0.0100 3008 6.99E-001 769.0 100.0 748.4 非数字 1.00 0.00 0.00
473 2017_06_15 14:16:00 200 255 0 -0.010 0.0 0.9214,0.0100 3008 6.99E-001 769.0 100.0 748.4 非数字 1.00 0.00 0.00
474 2017_06_15 14:16:00 203 255 0 -0.010 0.0 0.9214,0.0100 3008 6.99E-001 769.0 100.0 748.4 非数字 1.00 0.00 0.00
475 2017_06_15 14:16:00 206 255 0 -0.010 0.0 0.9214,0.0100 3008 6.99E-001 769.0 100.0 748.4 非数字 1.00 0.00 0.00
476 2017_06_15 14:16:00 210 255 0 -0.010 0.0 0.9214,0.0100 3008 6.99E-001 769.0 100.0 748.4 非数字 1.00 0.00 0.00
477 2017_06_15 14:16:00 213 255 0 -0.010 0.0 0.9214,0.0100 3008 6.99E-001 769.0 100.0 748.4 非数字 1.00 0.00 0.00
478 2017_06_15 14:16:00 216 255 0 -0.010 0.0 0.9214,0.0100 3008 6.99E-001 769.0 100.0 748.4 非数字 1.00 0.00 0.00
479 2017_06_15 14:16:00 219 255 0 -0.010 0.0 0.9214,0.0100 3008 6.99E-001 769.0 100.0 748.4 非数字 1.00 0.00 0.00
480 2017_06_15 14:16:00 222 255 0 -0.010 0.0 0.9214,0.0100 3008 6.99E-001 769.0 100.0 748.4 非数字 1.00 0.00 0.00
481 2017_06_15 14:16:00 227 255 0 -0.010 0.0 0.9214,0.0100 3008 6.99E-001 769.0 100.0 748.4 非数字 1.00 0.00 0.00
482 2017_06_15 14:16:00 230 255 0 -0.010 0.0 0.9214,0.0100 3008 6.99E-001 769.0 100.0 748.4 非数字 1.00 0.00 0.00
483 2017_06_15 14:16:00 233 255 0 -0.010 0.0 0.9214,0.0100 3008 6.99E-001 769.0 100.0 748.4 非数字 1.00 0.00 0.00
484 2017_06_15 14:16:00 236 255 0 -0.010 0.0 0.9214,0.0100 3008 6.99E-001 769.0 100.0 748.4 非数字 1.00 0.00 0.00
485 2017_06_15 14:16:00 239 255 0 -0.010 0.0 0.9214,0.0100 3008 6.99E-001 769.0 100.0 748.4 非数字 1.00 0.00 0.00
486 2017_06_15 14:16:00 242 255 0 -0.010 0.0 0.9214,0.0100 3008 6.99E-001 769.0 100.0 748.4 非数字 1.00 0.00 0.00
487 2017_06_15 14:16:00 245 255 0 -0.010 0.0 0.9214,0.0100 3008 6.99E-001 769.0 100.0 748.4 非数字 1.00 0.00 0.00
488 2017_06_15 14:16:00 248 255 0 -0.010 0.0 0.9214,0.0100 3008 6.99E-001 769.0 100.0 748.4 非数字 1.00 0.00 0.00
489 2017_06_15 14:16:00 251 255 0 -0.010 0.0 0.9214,0.0100 3008 6.99E-001 769.0 100.0 748.4 非数字 1.00 0.00 0.00
490 2017_06_15 14:16:00 254 255 0 -0.010 0.0 0.9214,0.0100 3008 6.99E-001 769.0 100.0 748.4 非数字 1.00 0.00 0.00
491 2017_06_15 14:16:00 257 255 0 -0.010 0.0 0.9214,0.0100 3008 6.99E-001 769.0 100.0 748.4 非数字 1.00 0.00 0.00
492 2017_06_15 14:16:00 260 255 0 -0.010 0.0 0.9214,0.0100 3008 6.99E-001 769.0 100.0 748.4 非数字 1.00 0.00 0.00
493 2017_06_15 14:16:00 263 255 0 -0.010 0.0 0.9214,0.0100 3008 6.99E-001 769.0 100.0 748.4 非数字 1.00 0.00 0.00
494 2017_06_15 14:16:00 266 255 0 -0.010 0.0 0.9214,0.0100 3008 6.99E-001 769.0 100.0 748.4 非数字 1.00 0.00 0.00
495 2017_06_15 14:16:00 269 255 0 -0.010 0.0 0.9214,0.0100 3008 6.99E-001 769.0 100.0 748.4 非数字 1.00 0.00 0.00
496 2017_06_15 14:16:00 272 255 0 -0.010 0.0 0.9214,0.0100 3008 6.99E-001 769.0 100.0 748.4 非数字 1.00 0.00 0.00
497 2017_06_15 14:16:00 275 255 0 -0.010 0.0 0.9214,0.0100 3008 6.99E-001 769.0 100.0 748.4 非数字 1.00 0.00 0.00
498 2017_06_15 14:16:00 278 255 0 -0.010 0.0 0.9214,0.0100 3008 6.99E-001 769.0 100.0 748.4 非数字 1.00 0.00 0.00
499 2017_06_15 14:16:00 281 255 0 -0.010 0.0 0.9214,0.0100 3008 6.99E-001 769.0 100.0 748.4 非数字 1.00 0.00 0.00
500 2017_06_15 14:16:00 284 255 0 -0.010 0.0 0.9214,0.0100 3008 6.99E-001 769.0 100.0 748.4 非数字 1.00 0.00 0.00
501 2017_06_15 14:16:00 287 255 0 -0.010 0.0 0.9214,0.0100 3008 6.99E-001 769.0 100.0 748.4 非数字 1.00 0.00 0.00
502 2017_06_15 14:16:00 290 255 0 -0.010 0.0 0.9214,0.0100 3008 6.99E-001 769.0 100.0 748.4 非数字 1.00 0.00 0.00
503 2017_06_15 14:16:00 293 255 0 -0.010 0.0 0.9214,0.0100 3008 6.99E-001 769.0 100.0 748.4 非数字 1.00 0.00 0.00
504 2017_06_15 14:16:00 296 255 0 -0.010 0.0 0.9214,0.0100 3008 6.99E-001 769.0 100.0 748.4 非数字 1.00 0.00 0.00
505 2017_06_15 14:16:00 299 255 0 -0.010 0.0 0.9214,0.0100 3008 6.99E-001 769.0 100.0 748.4 非数字 1.00 0.00 0.00
506 2017_06_15 14:16:00 302 255 0 -0.010 0.0 0.9214,0.0100 3008 6.99E-001 769.0 100.0 748.4 非数字 1.00 0.00 0.00
507 2017_06_15 14:16:00 306 255 0 -0.010 0.0 0.9214,0.0100 3008 6.99E-001 769.0 100.0 748.4 非数字 1.00 0.00 0.00
508 2017_06_15 14:16:00 310 255 0 -0.010 0.0 0.9214,0.0100 3008 6.99E-001 769.0 100.0 748.4 非数字 1.00 0.00 0.00
509 2017_06_15 14:16:00 313 255 0 -0.010 0.0 0.9214,0.0100 3008 6.99E-001 769.0 100.0 748.4 非数字 1.00 0.00 0.00
510 2017_06_15 14:16:00 317 255 0 -0.010 0.0 0.9214,0.0100 3008 6.99E-001 769.0 100.0 748.4 非数字 1.00 0.00 0.00
511 2017_06_15 14:16:00 320 255 0 -0.010 0.0 0.9214,0.0100 3008 6.99E-001 769.0 100.0 748.4 非数字 1.00 0.00 0.00
512 2017_06_15 14:16:00 323 255 0 -0.010 0.0 0.9214,0.0100 3008 6.99E-001 769.0 100.0 748.4 非数字 1.00 0.00 0.00
513 2017_06_15 14:16:00 326 255 0 -0.010 0.0 0.9214,0.0100 3008 6.99E-001 769.0 100.0 748.4 非数字 1.00 0.00 0.00
514 2017_06_15 14:16:00 329 255 0 -0.010 0.0 0.9214,0.0100 3008 6.99E-001 769.0 100.0 748.4 非数字 1.00 0.00 0.00
515 2017_06_15 14:16:00 332 255 0 -0.010 0.0 0.9214,0.0100 3008 6.99E-001 769.0 100.0 748.4 非数字 1.00 0.00 0.00
516 2017_06_15 14:16:00 335 255 0 -0.010 0.0 0.9214,0.0100 3008 6.99E-001 769.0 100.0 748.4 非数字 1.00 0.00 0.00
517 2017_06_15 14:16:00 338 255 0 -0.010 0.0 0.9214,0.0100 3008 6.99E-001 769.0 100.0 748.4 非数字 1.00 0.00 0.00
518 2017_06_15 14:16:00 341 255 0 -0.010 0.0 0.9214,0.0100 3008 6.99E-001 769.0 100.0 748.4 非数字 1.00 0.00 0.00
519 2017_06_15 14:16:00 344 255 0 -0.010 0.0 0.9214,0.0100 3008 6.99E-001 769.0 100.0 748.4 非数字 1.00 0.00 0.00
520 2017_06_15 14:16:00 347 255 0 -0.010 0.0 0.9214,0.0100 3008 6.99E-001 769.0 100.0 748.4 非数字 1.00 0.00 0.00
521 2017_06_15 14:16:00 350 255 0 -0.010 0.0 0.9214,0.0100 3008 6.99E-001 769.0 100.0 748.4 非数字 1.00 0.00 0.00
522 2017_06_15 14:16:00 353 255 0 -0.010 0.0 0.9214,0.0100 3008 6.99E-001 769.0 100.0 748.4 非数字 1.00 0.00 0.00
523 2017_06_15 14:16:00 356 255 0 -0.010 0.0 0.9214,0.0100 3008 6.99E-001 769.0 100.0 748.4 非数字 1.00 0.00 0.00
524 2017_06_15 14:16:00 359 255 0 -0.010 0.0 0.9214,0.0100 3008 6.99E-001 769.0 100.0 748.4 非数字 1.00 0.00 0.00
525 2017_06_15 14:16:00 362 255 0 -0.010 0.0 0.9214,0.0100 3008 6.99E-001 769.0 100.0 748.4 非数字 1.00 0.00 0.00
526 2017_06_15 14:16:00 365 255 0 -0.010 0.0 0.9214,0.0100 3008 6.99E-001 769.0 100.0 748.4 非数字 1.00 0.00 0.00
527 2017_06_15 14:16:00 368 255 0 -0.010 0.0 0.9214,0.0100 3008 6.99E-001 769.0 100.0 748.4 非数字 1.00 0.00 0.00
528 2017_06_15 14:16:00 371 255 0 -0.010 0.0 0.9214,0.0100 3008 6.99E-001 769.0 100.0 748.4 非数字 1.00 0.00 0.00
529 2017_06_15 14:16:00 374 255 0 -0.010 0.0 0.9214,0.0100 3008 6.99E-001 769.0 100.0 748.4 非数字 1.00 0.00 0.00
530 2017_06_15 14:16:00 377 255 0 -0.010 0.0 0.9214,0.0100 3008 6.99E-001 769.0 100.0 748.4 非数字 1.00 0.00 0.00
531 2017_06_15 14:16:00 380 255 0 -0.010 0.0 0.9214,0.0100 3008 6.99E-001 769.0 100.0 748.4 非数字 1.00 0.00 0.00
532 2017_06_15 14:16:00 383 255 0 -0.010 0.0 0.9214,0.0100 3008 6.99E-001 769.0 100.0 748.4 非数字 1.00 0.00 0.00
533 2017_06_15 14:16:00 386 255 0 -0.010 0.0 0.9214,0.0100 3008 6.99E-001 769.0 100.0 748.4 非数字 1.00 0.00 0.00
534 2017_06_15 14:16:00 389 255 0 -0.010 0.0 0.9214,0.0100 3008 6.99E-001 769.0 100.0 748.4 非数字 1.00 0.00 0.00
535 2017_06_15 14:16:00 392 255 0 -0.010 0.0 0.9214,0.0100 3008 6.99E-001 769.0 100.0 748.4 非数字 1.00 0.00 0.00
536 2017_06_15 14:16:00 397 255 0 -0.010 0.0 0.9214,0.0100 3008 6.99E-001 769.0 100.0 748.4 非数字 1.00 0.00 0.00
537 2017_06_15 14:16:00 400 255 0 -0.010 0.0 0.9214,0.0100 3008 6.99E-001 769.0 100.0 748.4 非数字 1.00 0.00 0.00
538 2017_06_15 14:16:00 403 255 0 -0.010 0.0 0.9214,0.0100 3008 6.99E-001 769.0 100.0 748.4 非数字 1.00 0.00 0.00
539 2017_06_15 14:16:00 406 255 0 -0.010 0.0 0.9214,0.0100 3008 6.99E-001 769.0 100.0 748.4 非数字 1.00 0.00 0.00
540 2017_06_15 14:16:00 409 255 0 -0.010 0.0 0.9214,0.0100 3008 6.99E-001 769.0 100.0 748.4 非数字 1.00 0.00 0.00
541 2017_06_15 14:16:00 412 255 0 -0.010 0.0 0.9214,0.0100 3008 6.99E-001 769.0 100.0 748.4 非数字 1.00 0.00 0.00
542 2017_06_15 14:16:00 415 255 0 -0.010 0.0 0.9214,0.0100 3008 6.99E-001 769.0 100.0 748.4 非数字 1.00 0.00 0.00
543 2017_06_15 14:16:00 418 255 0 -0.010 0.0 0.9214,0.0100 3008 6.99E-001 769.0 100.0 748.4 非数字 1.00 0.00 0.00
544 2017_06_15 14:16:00 421 255 0 -0.010 0.0 0.9214,0.0100 3008 6.99E-001 769.0 100.0 748.4 非数字 1.00 0.00 0.00
545 2017_06_15 14:16:00 424 255 0 -0.010 0.0 0.9214,0.0100 3008 6.99E-001 769.0 100.0 748.4 非数字 1.00 0.00 0.00
546 2017_06_15 14:16:00 427 255 0 -0.010 0.0 0.9214,0.0100 3008 6.99E-001 769.0 100.0 748.4 非数字 1.00 0.00 0.00
547 2017_06_15 14:16:00 430 255 0 -0.010 0.0 0.9214,0.0100 3008 6.99E-001 769.0 100.0 748.4 非数字 1.00 0.00 0.00
548 2017_06_15 14:16:00 433 255 0 -0.010 0.0 0.9214,0.0100 3008 6.99E-001 769.0 100.0 748.4 非数字 1.00 0.00 0.00
549 2017_06_15 14:16:00 436 255 0 -0.010 0.0 0.9214,0.0100 3008 6.99E-001 769.0 100.0 748.4 非数字 1.00 0.00 0.00
550 2017_06_15 14:16:00 439 255 0 -0.010 0.0 0.9214,0.0100 3008 6.99E-001 769.0 100.0 748.4 非数字 1.00 0.00 0.00
551 2017_06_15 14:16:00 442 255 0 -0.010 0.0 0.9214,0.0100 3008 6.99E-001 769.0 100.0 748.4 非数字 1.00 0.00 0.00
552 2017_06_15 14:16:00 445 255 0 -0.010 0.0 0.9214,0.0100 3008 6.99E-001 769.0 100.0 748.4 非数字 1.00 0.00 0.00
553 2017_06_15 14:16:00 448 255 0 -0.010 0.0 0.9214,0.0100 3008 6.99E-001 769.0 100.0 748.4 非数字 1.00 0.00 0.00
554 2017_06_15 14:16:00 451 255 0 -0.010 0.0 0.9214,0.0100 3008 6.99E-001 769.0 100.0 748.4 非数字 1.00 0.00 0.00
555 2017_06_15 14:16:00 454 255 0 -0.010 0.0 0.9214,0.0100 3008 6.99E-001 769.0 100.0 748.4 非数字 1.00 0.00 0.00
556 2017_06_15 14:16:00 457 255 0 -0.010 0.0 0.9214,0.0100 3008 6.99E-001 769.0 100.0 748.4 非数字 1.00 0.00 0.00
557 2017_06_15 14:16:00 460 255 0 -0.010 0.0 0.9214,0.0100 3008 6.99E-001 769.0 100.0 748.4 非数字 1.00 0.00 0.00
558 2017_06_15 14:16:00 463 255 0 -0.010 0.0 0.9214,0.0100 3008 6.99E-001 769.0 100.0 748.4 非数字 1.00 0.00 0.00
559 2017_06_15 14:16:00 465 255 0 -0.010 0.0 0.9214,0.0100 3008 6.99E-001 769.0 100.0 748.4 非数字 1.00 0.00 0.00
560 2017_06_15 14:16:00 468 255 0 -0.010 0.0 0.9214,0.0100 3008 6.99E-001 769.0 100.0 748.4 非数字 1.00 0.00 0.00
561 2017_06_15 14:16:00 471 255 0 -0.010 0.0 0.9214,0.0100 3008 6.99E-001 769.0 100.0 748.4 非数字 1.00 0.00 0.00
562 2017_06_15 14:16:00 474 255 0 -0.010 0.0 0.9214,0.0100 3008 6.99E-001 769.0 100.0 748.4 非数字 1.00 0.00 0.00
563 2017_06_15 14:16:00 479 255 0 -0.010 0.0 0.9214,0.0100 3008 6.99E-001 769.0 100.0 748.4 非数字 1.00 0.00 0.00
564 2017_06_15 14:16:00 482 255 0 -0.010 0.0 0.9214,0.0100 3008 6.99E-001 769.0 100.0 748.4 非数字 1.00 0.00 0.00
565 2017_06_15 14:16:00 485 255 0 -0.010 0.0 0.9214,0.0100 3008 6.99E-001 769.0 100.0 748.4 非数字 1.00 0.00 0.00
566 2017_06_15 14:16:00 488 255 0 -0.010 0.0 0.9214,0.0100 3008 6.99E-001 769.0 100.0 748.4 非数字 1.00 0.00 0.00
567 2017_06_15 14:16:00 490 255 0 -0.010 0.0 0.9214,0.0100 3008 6.99E-001 769.0 100.0 748.4 非数字 1.00 0.00 0.00
568 2017_06_15 14:16:00 493 255 0 -0.010 0.0 0.9214,0.0100 3008 6.99E-001 769.0 100.0 748.4 非数字 1.00 0.00 0.00
569 2017_06_15 14:16:00 496 255 0 -0.010 0.0 0.9214,0.0100 3008 6.99E-001 769.0 100.0 748.4 非数字 1.00 0.00 0.00
570 2017_06_15 14:16:00 499 255 0 -0.010 0.0 0.9214,0.0100 3008 6.99E-001 769.0 100.0 748.4 非数字 1.00 0.00 0.00
571 2017_06_15 14:16:00 502 255 0 -0.010 0.0 0.9214,0.0100 3008 6.99E-001 769.0 100.0 748.4 非数字 1.00 0.00 0.00
572 2017_06_15 14:16:00 506 255 0 -0.010 0.0 0.9214,0.0100 3008 6.99E-001 769.0 100.0 748.4 非数字 1.00 0.00 0.00
573 2017_06_15 14:16:00 509 255 0 -0.010 0.0 0.9214,0.0100 3008 6.99E-001 769.0 100.0 748.4 非数字 1.00 0.00 0.00
574 2017_06_15 14:16:00 512 255 0 -0.010 0.0 0.9214,0.0100 3008 6.99E-001 769.0 100.0 748.4 非数字 1.00 0.00 0.00
575 2017_06_15 14:16:00 515 255 0 -0.010 0.0 0.9214,0.0100 3008 6.99E-001 769.0 100.0 748.4 非数字 1.00 0.00 0.00
576 2017_06_15 14:16:00 518 255 0 -0.010 0.0 0.9214,0.0100 3008 6.99E-001 769.0 100.0 748.4 非数字 1.00 0.00 0.00
577 2017_06_15 14:16:00 520 255 0 -0.010 0.0 0.9214,0.0100 3008 6.99E-001 769.0 100.0 748.4 非数字 1.00 0.00 0.00
578 2017_06_15 14:16:00 524 255 0 -0.010 0.0 0.9214,0.0100 3008 6.99E-001 769.0 100.0 748.4 非数字 1.00 0.00 0.00
579 2017_06_15 14:16:00 527 255 0 -0.010 0.0 0.9214,0.0100 3008 6.99E-001 769.0 100.0 748.4 非数字 1.00 0.00 0.00
580 2017_06_15 14:16:00 530 255 0 -0.010 0.0 0.9214,0.0100 3008 6.99E-001 769.0 100.0 748.4 非数字 1.00 0.00 0.00
581 2017_06_15 14:16:00 533 255 0 -0.010 0.0 0.9214,0.0100 3008 6.99E-001 769.0 100.0 748.4 非数字 1.00 0.00 0.00
582 2017_06_15 14:16:00 536 255 0 -0.010 0.0 0.9214,0.0100 3008 6.99E-001 769.0 100.0 748.4 非数字 1.00 0.00 0.00
583 2017_06_15 14:16:00 539 255 0 -0.010 0.0 0.9214,0.0100 3008 6.99E-001 769.0 100.0 748.4 非数字 1.00 0.00 0.00
584 2017_06_15 14:16:00 542 255 0 -0.010 0.0 0.9214,0.0100 3008 6.99E-001 769.0 100.0 748.4 非数字 1.00 0.00 0.00
585 2017_06_15 14:16:00 546 255 0 -0.010 0.0 0.9214,0.0100 3008 6.99E-001 769.0 100.0 748.4 非数字 1.00 0.00 0.00
586 2017_06_15 14:16:00 549 255 0 -0.010 0.0 0.9214,0.0100 3008 6.99E-001 769.0 100.0 748.4 非数字 1.00 0.00 0.00
587 2017_06_15 14:16:00 552 255 0 -0.010 0.0 0.9214,0.0100 3008 6.99E-001 769.0 100.0 748.4 非数字 1.00 0.00 0.00
588 2017_06_15 14:16:00 555 255 0 -0.010 0.0 0.9214,0.0100 3008 6.99E-001 769.0 100.0 748.4 非数字 1.00 0.00 0.00
589 2017_06_15 14:16:00 560 255 0 -0.010 0.0 0.9214,0.0100 3008 6.99E-001 769.0 100.0 748.4 非数字 1.00 0.00 0.00
590 2017_06_15 14:16:00 563 255 0 -0.010 0.0 0.9214,0.0100 3008 6.99E-001 769.0 100.0 748.4 非数字 1.00 0.00 0.00
591 2017_06_15 14:16:00 566 255 0 -0.010 0.0 0.9214,0.0100 3008 6.99E-001 769.0 100.0 748.4 非数字 1.00 0.00 0.00
592 2017_06_15 14:16:00 569 255 0 -0.010 0.0 0.9214,0.0100 3008 6.99E-001 769.0 100.0 748.4 非数字 1.00 0.00 0.00
593 2017_06_15 14:16:00 572 255 0 -0.010 0.0 0.9214,0.0100 3008 6.99E-001 769.0 100.0 748.4 非数字 1.00 0.00 0.00
594 2017_06_15 14:16:00 575 255 0 -0.010 0.0 0.9214,0.0100 3008 6.99E-001 769.0 100.0 748.4 非数字 1.00 0.00 0.00
595 2017_06_15 14:16:00 578 255 0 -0.010 0.0 0.9214,0.0100 3008 6.99E-001 769.0 100.0 748.4 非数字 1.00 0.00 0.00
596 2017_06_15 14:16:00 581 255 0 -0.010 0.0 0.9214,0.0100 3008 6.99E-001 769.0 100.0 748.4 非数字 1.00 0.00 0.00
597 2017_06_15 14:16:00 584 255 0 -0.010 0.0 0.9214,0.0100 3008 6.99E-001 769.0 100.0 748.4 非数字 1.00 0.00 0.00
598 2017_06_15 14:16:00 587 255 0 -0.010 0.0 0.9214,0.0100 3008 6.99E-001 769.0 100.0 748.4 非数字 1.00 0.00 0.00
599 2017_06_15 14:16:00 590 255 0 -0.010 0.0 0.9214,0.0100 3008 6.99E-001 769.0 100.0 748.4 非数字 1.00 0.00 0.00
600 2017_06_15 14:16:00 593 255 0 -0.010 0.0 0.9214,0.0100 3008 6.99E-001 769.0 100.0 748.4 非数字 1.00 0.00 0.00
601 2017_06_15 14:16:00 596 255 0 -0.010 0.0 0.9214,0.0100 3008 6.99E-001 769.0 100.0 748.4 非数字 1.00 0.00 0.00
602 2017_06_15 14:16:00 599 255 0 -0.010 0.0 0.9214,0.0100 3008 6.99E-001 769.0 100.0 748.4 非数字 1.00 0.00 0.00
603 2017_06_15 14:16:00 602 255 0 -0.010 0.0 0.9214,0.0100 3008 6.99E-001 769.0 100.0 748.4 非数字 1.00 0.00 0.00
604 2017_06_15 14:16:00 606 255 0 -0.010 0.0 0.9214,0.0100 3008 6.99E-001 769.0 100.0 748.4 非数字 1.00 0.00 0.00
605 2017_06_15 14:16:00 609 255 0 -0.010 0.0 0.9214,0.0100 3008 6.99E-001 769.0 100.0 748.4 非数字 1.00 0.00 0.00
606 2017_06_15 14:16:00 614 255 0 -0.010 0.0 0.9214,0.0100 3008 6.99E-001 769.0 100.0 748.4 非数字 1.00 0.00 0.00
607 2017_06_15 14:16:00 617 255 0 -0.010 0.0 0.9214,0.0100 3008 6.99E-001 769.0 100.0 748.4 非数字 1.00 0.00 0.00
608 2017_06_15 14:16:00 620 255 0 -0.010 0.0 0.9214,0.0100 3008 6.99E-001 769.0 100.0 748.4 非数字 1.00 0.00 0.00
609 2017_06_15 14:16:00 623 255 0 -0.010 0.0 0.9214,0.0100 3008 6.99E-001 769.0 100.0 748.4 非数字 1.00 0.00 0.00
610 2017_06_15 14:16:00 626 255 0 -0.010 0.0 0.9214,0.0100 3008 6.99E-001 769.0 100.0 748.4 非数字 1.00 0.00 0.00
611 2017_06_15 14:16:00 629 255 0 -0.010 0.0 0.9214,0.0100 3008 6.99E-001 769.0 100.0 748.4 非数字 1.00 0.00 0.00
612 2017_06_15 14:16:00 632 255 0 -0.010 0.0 0.9214,0.0100 3008 6.99E-001 769.0 100.0 748.4 非数字 1.00 0.00 0.00
613 2017_06_15 14:16:00 635 255 0 -0.010 0.0 0.9214,0.0100 3008 6.99E-001 769.0 100.0 748.4 非数字 1.00 0.00 0.00
614 2017_06_15 14:16:00 638 255 0 -0.010 0.0 0.9214,0.0100 3008 6.99E-001 769.0 100.0 748.4 非数字 1.00 0.00 0.00
615 2017_06_15 14:16:00 641 255 0 -0.010 0.0 0.9214,0.0100 3008 6.99E-001 769.0 100.0 748.4 非数字 1.00 0.00 0.00
616 2017_06_15 14:16:00 644 255 0 -0.010 0.0 0.9214,0.0100 3008 6.99E-001 769.0 100.0 748.4 非数字 1.00 0.00 0.00
617 2017_06_15 14:16:00 647 255 0 -0.010 0.0 0.9214,0.0100 3008 6.99E-001 769.0 100.0 748.4 非数字 1.00 0.00 0.00
618 2017_06_15 14:16:00 651 255 0 -0.010 0.0 0.9214,0.0100 3008 6.99E-001 769.0 100.0 748.4 非数字 1.00 0.00 0.00
619 2017_06_15 14:16:00 654 255 0 -0.010 0.0 0.9214,0.0100 3008 6.99E-001 769.0 100.0 748.4 非数字 1.00 0.00 0.00
620 2017_06_15 14:16:00 657 255 0 -0.010 0.0 0.9214,0.0100 3008 6.99E-001 769.0 100.0 748.4 非数字 1.00 0.00 0.00
621 2017_06_15 14:16:00 661 255 0 -0.010 0.0 0.9214,0.0100 3008 6.99E-001 769.0 100.0 748.4 非数字 1.00 0.00 0.00
622 2017_06_15 14:16:00 664 255 0 -0.010 0.0 0.9214,0.0100 3008 6.99E-001 769.0 100.0 748.4 非数字 1.00 0.00 0.00
623 2017_06_15 14:16:00 667 255 0 -0.010 0.0 0.9214,0.0100 3008 6.99E-001 769.0 100.0 748.4 非数字 1.00 0.00 0.00
624 2017_06_15 14:16:00 670 255 0 -0.010 0.0 0.9214,0.0100 3008 6.99E-001 769.0 100.0 748.4 非数字 1.00 0.00 0.00
625 2017_06_15 14:16:00 673 255 0 -0.010 0.0 0.9214,0.0100 3008 6.99E-001 769.0 100.0 748.4 非数字 1.00 0.00 0.00
626 2017_06_15 14:16:00 676 255 0 -0.010 0.0 0.9214,0.0100 3008 6.99E-001 769.0 100.0 748.4 非数字 1.00 0.00 0.00
627 2017_06_15 14:16:00 679 255 0 -0.010 0.0 0.9214,0.0100 3008 6.99E-001 769.0 100.0 748.4 非数字 1.00 0.00 0.00
628 2017_06_15 14:16:00 682 255 0 -0.010 0.0 0.9214,0.0100 3008 6.99E-001 769.0 100.0 748.4 非数字 1.00 0.00 0.00
629 2017_06_15 14:16:00 685 255 0 -0.010 0.0 0.9214,0.0100 3008 6.99E-001 769.0 100.0 748.4 非数字 1.00 0.00 0.00
630 2017_06_15 14:16:00 688 255 0 -0.010 0.0 0.9214,0.0100 3008 6.99E-001 769.0 100.0 748.4 非数字 1.00 0.00 0.00
631 2017_06_15 14:16:00 693 255 0 -0.010 0.0 0.9214,0.0100 3008 6.99E-001 769.0 100.0 748.4 非数字 1.00 0.00 0.00
632 2017_06_15 14:16:00 696 255 0 -0.010 0.0 0.9214,0.0100 3008 6.99E-001 769.0 100.0 748.4 非数字 1.00 0.00 0.00
633 2017_06_15 14:16:00 699 255 0 -0.010 0.0 0.9214,0.0100 3008 6.99E-001 769.0 100.0 748.4 非数字 1.00 0.00 0.00
634 2017_06_15 14:16:00 702 255 0 -0.010 0.0 0.9214,0.0100 3008 6.99E-001 769.0 100.0 748.4 非数字 1.00 0.00 0.00
635 2017_06_15 14:16:00 705 255 0 -0.010 0.0 0.9214,0.0100 3008 6.99E-001 769.0 100.0 748.4 非数字 1.00 0.00 0.00
636 2017_06_15 14:16:00 708 255 0 -0.010 0.0 0.9214,0.0100 3008 6.99E-001 769.0 100.0 748.4 非数字 1.00 0.00 0.00
637 2017_06_15 14:16:00 712 255 0 -0.010 0.0 0.9214,0.0100 3008 6.99E-001 769.0 100.0 748.4 非数字 1.00 0.00 0.00
638 2017_06_15 14:16:00 715 255 0 -0.010 0.0 0.9214,0.0100 3008 6.99E-001 769.0 100.0 748.4 非数字 1.00 0.00 0.00
639 2017_06_15 14:16:00 718 255 0 -0.010 0.0 0.9214,0.0100 3008 6.99E-001 769.0 100.0 748.4 非数字 1.00 0.00 0.00
640 2017_06_15 14:16:00 721 255 0 -0.010 0.0 0.9214,0.0100 3008 6.99E-001 769.0 100.0 748.4 非数字 1.00 0.00 0.00
641 2017_06_15 14:16:00 724 255 0 -0.010 0.0 0.9214,0.0100 3008 6.99E-001 769.0 100.0 748.4 非数字 1.00 0.00 0.00
642 2017_06_15 14:16:00 727 255 0 -0.010 0.0 0.9214,0.0100 3008 6.99E-001 769.0 100.0 748.4 非数字 1.00 0.00 0.00
643 2017_06_15 14:16:00 730 255 0 -0.010 0.0 0.9214,0.0100 3008 6.99E-001 769.0 100.0 748.4 非数字 1.00 0.00 0.00
644 2017_06_15 14:16:00 733 255 0 -0.010 0.0 0.9214,0.0100 3008 6.99E-001 769.0 100.0 748.4 非数字 1.00 0.00 0.00
645 2017_06_15 14:16:00 736 255 0 -0.010 0.0 0.9214,0.0100 3008 6.99E-001 769.0 100.0 748.4 非数字 1.00 0.00 0.00
646 2017_06_15 14:16:00 739 255 0 -0.010 0.0 0.9214,0.0100 3008 6.99E-001 769.0 100.0 748.4 非数字 1.00 0.00 0.00
647 2017_06_15 14:16:00 742 255 0 -0.010 0.0 0.9214,0.0100 3008 6.99E-001 769.0 100.0 748.4 非数字 1.00 0.00 0.00
648 2017_06_15 14:16:00 745 255 0 -0.010 0.0 0.9214,0.0100 3008 6.99E-001 769.0 100.0 748.4 非数字 1.00 0.00 0.00
649 2017_06_15 14:16:00 748 255 0 -0.010 0.0 0.9214,0.0100 3008 6.99E-001 769.0 100.0 748.4 非数字 1.00 0.00 0.00
650 2017_06_15 14:16:00 752 255 0 -0.010 0.0 0.9214,0.0100 3008 6.99E-001 769.0 100.0 748.4 非数字 1.00 0.00 0.00
651 2017_06_15 14:16:00 755 255 0 -0.010 0.0 0.9214,0.0100 3008 6.99E-001 769.0 100.0 748.4 非数字 1.00 0.00 0.00
652 2017_06_15 14:16:00 758 255 0 -0.010 0.0 0.9214,0.0100 3008 6.99E-001 769.0 100.0 748.4 非数字 1.00 0.00 0.00
653 2017_06_15 14:16:00 761 255 0 -0.010 0.0 0.9214,0.0100 3008 6.99E-001 769.0 100.0 748.4 非数字 1.00 0.00 0.00
654 2017_06_15 14:16:00 764 255 0 -0.010 0.0 0.9214,0.0100 3008 6.99E-001 769.0 100.0 748.4 非数字 1.00 0.00 0.00
