记录条数   时间  bin号 晶号 电压(V) 反向漏电流(uA) 色坐标(x,y) 相关色温(K) 色差 主波长(nm) 色纯度(%) 峰值波长(nm) 显色性指数 光通量(lm) 辐射通量(mW) 光效 
0 2017_10_23_11:08:38_353 255 0 1.836 1.6 -0.0063,0.9959 8669 2.19E-001 520.2 100.0 764.4 非数字 -0.43 0.01 0.00
--            --             -- 1 2.791 1.4 0.9853,0.0000 3250 5.82E-001 768.0 100.0 733.7 非数字 0.00 0.00 0.00
--            --             -- 2 2.436 0.7 1.0000,0.0000 3079 6.59E-001 768.0 100.0 764.9 非数字 0.00 0.00 0.00
1 2017_10_23_11:08:38_468 255 0 1.837 0.2 0.9937,-0.0041 4629 3.27E-001 767.1 100.0 760.5 非数字 -0.43 0.00 0.00
--            --             -- 1 2.791 0.0 0.1794,1.0000 6282 2.11E-001 541.1 100.0 773.7 非数字 0.00 0.00 0.00
--            --             -- 2 2.436 0.2 0.8210,0.0000 1001 -6.56E-001 768.0 100.0 701.1 非数字 0.00 0.00 0.00
2 2017_10_23_11:08:38_579 255 0 1.836 0.3 0.8679,-0.0041 1001 -6.56E-001 767.1 100.0 760.6 非数字 -0.43 0.00 0.00
--            --             -- 1 2.790 0.3 0.8684,0.0000 1001 -6.56E-001 768.0 100.0 687.4 非数字 0.00 0.00 0.00
--            --             -- 2 2.438 0.2 1.0000,0.0000 6076 2.58E-001 768.0 100.0 760.8 非数字 0.00 0.00 0.00
3 2017_10_23_11:08:38_692 255 0 1.839 1.4 0.9937,-0.0041 7140 2.36E-001 767.1 100.0 778.1 非数字 -0.43 0.00 0.00
--            --             -- 1 2.794 0.7 0.0000,1.0000 8613 2.20E-001 521.1 100.0 765.3 非数字 0.00 0.00 0.00
--            --             -- 2 2.437 0.0 1.0000,0.0000 6166 2.56E-001 768.0 100.0 764.9 非数字 0.00 0.00 0.00
4 2017_10_23_11:08:38_803 255 0 1.837 0.6 0.9937,-0.0041 4809 3.14E-001 767.1 100.0 718.5 非数字 -0.43 0.00 0.00
--            --             -- 1 2.793 1.6 0.8634,0.0000 1001 -6.56E-001 768.0 100.0 764.8 非数字 0.00 0.00 0.00
--            --             -- 2 2.436 1.7 0.9360,0.0000 1001 -6.56E-001 768.0 100.0 719.0 非数字 0.00 0.00 0.00
5 2017_10_23_11:08:38_917 255 0 1.837 0.4 0.9937,-0.0041 4879 3.09E-001 767.1 100.0 761.3 非数字 -0.43 0.00 0.00
--            --             -- 1 2.795 0.4 0.8453,0.0000 1001 -6.56E-001 768.0 100.0 761.1 非数字 0.00 0.00 0.00
--            --             -- 2 2.439 0.6 1.0000,0.0000 5755 2.68E-001 768.0 100.0 760.3 非数字 0.00 0.00 0.00
6 2017_10_23_11:08:39_029 255 0 1.834 0.2 0.9130,-0.0041 1001 -6.56E-001 767.1 100.0 732.4 非数字 -0.43 0.00 0.00
--            --             -- 1 2.796 0.0 1.0000,0.0000 3008 6.99E-001 768.0 100.0 720.3 非数字 0.00 0.00 0.00
--            --             -- 2 2.435 0.0 0.8749,0.0000 3008 6.99E-001 768.0 100.0 698.6 非数字 0.00 0.00 0.00
7 2017_10_23_11:08:39_140 255 0 1.837 0.0 0.8582,-0.0041 1001 -6.56E-001 767.1 100.0 777.6 非数字 -0.43 0.00 0.00
--            --             -- 1 2.800 0.2 0.8357,0.0000 1001 -6.56E-001 768.0 100.0 770.5 非数字 0.00 0.00 0.00
--            --             -- 2 2.436 0.2 0.8284,0.0000 1001 -6.56E-001 768.0 100.0 748.8 非数字 0.00 0.00 0.00
8 2017_10_23_11:08:39_254 255 0 1.835 1.5 0.9392,-0.0041 3008 6.99E-001 767.1 100.0 720.5 非数字 -0.43 0.00 0.00
--            --             -- 1 2.791 1.6 1.0000,0.0000 3696 4.51E-001 768.0 100.0 764.8 非数字 0.00 0.00 0.00
--            --             -- 2 2.437 1.0 0.8443,0.0000 1001 -6.56E-001 768.0 100.0 779.0 非数字 0.00 0.00 0.00
9 2017_10_23_11:08:39_367 255 0 1.838 0.1 0.8696,-0.0041 1001 -6.56E-001 767.1 100.0 774.4 非数字 -0.43 0.00 0.00
--            --             -- 1 2.798 0.4 0.7970,0.0000 1001 -6.56E-001 768.0 100.0 737.9 非数字 0.00 0.00 0.00
--            --             -- 2 2.435 0.8 0.8929,0.0000 3008 6.99E-001 768.0 100.0 761.4 非数字 0.00 0.00 0.00
10 2017_10_23_11:08:39_479 255 0 1.838 0.3 0.9937,-0.0041 3829 4.25E-001 767.1 100.0 719.1 非数字 -0.43 0.00 0.00
--            --             -- 1 2.797 0.2 0.8911,0.0000 5294 2.86E-001 768.0 100.0 764.0 非数字 0.00 0.00 0.00
--            --             -- 2 2.436 0.2 0.9792,0.0000 3008 6.99E-001 768.0 100.0 763.8 非数字 0.00 0.00 0.00
11 2017_10_23_11:08:39_592 255 0 1.833 1.1 0.9937,-0.0041 6253 2.53E-001 767.1 100.0 733.6 非数字 -0.43 0.00 0.00
--            --             -- 1 2.795 0.5 0.8721,0.0000 1001 -6.56E-001 768.0 100.0 762.8 非数字 0.00 0.00 0.00
--            --             -- 2 2.437 0.0 0.8276,0.0000 1001 -6.56E-001 768.0 100.0 738.2 非数字 0.00 0.00 0.00
12 2017_10_23_11:08:39_705 255 0 1.839 0.6 0.7996,-0.0041 1001 -6.56E-001 767.1 100.0 715.6 非数字 -0.43 0.00 0.00
--            --             -- 1 2.797 1.6 0.8325,0.0000 1001 -6.56E-001 768.0 100.0 764.5 非数字 0.00 0.00 0.00
--            --             -- 2 2.435 1.7 0.8286,0.0000 1001 -6.56E-001 768.0 100.0 770.4 非数字 0.00 0.00 0.00
13 2017_10_23_11:08:39_817 255 0 1.834 0.4 0.8919,-0.0041 3008 6.99E-001 767.1 100.0 714.6 非数字 -0.43 0.00 0.00
--            --             -- 1 2.796 0.5 0.8891,0.0000 3228 5.90E-001 768.0 100.0 761.6 非数字 0.00 0.00 0.00
--            --             -- 2 2.439 0.7 1.0000,0.0000 5193 2.91E-001 768.0 100.0 776.5 非数字 0.00 0.00 0.00
14 2017_10_23_11:08:39_930 255 0 1.837 0.2 0.8125,-0.0041 1001 -6.56E-001 767.1 100.0 728.3 非数字 -0.43 0.00 0.00
--            --             -- 1 2.794 0.0 0.8519,0.0000 1001 -6.56E-001 768.0 100.0 760.6 非数字 0.00 0.00 0.00
--            --             -- 2 2.436 0.0 0.8708,0.0000 1001 -6.56E-001 768.0 100.0 774.1 非数字 0.00 0.00 0.00
15 2017_10_23_11:08:40_042 255 0 1.834 0.7 0.8601,-0.0041 1001 -6.56E-001 767.1 100.0 727.1 非数字 -0.43 0.00 0.00
--            --             -- 1 2.790 0.1 0.8288,0.0000 1001 -6.56E-001 768.0 100.0 760.8 非数字 0.00 0.00 0.00
--            --             -- 2 2.434 0.2 0.8307,0.0000 1001 -6.56E-001 768.0 100.0 771.9 非数字 0.00 0.00 0.00
16 2017_10_23_11:08:40_155 255 0 1.835 1.2 0.9332,-0.0041 3008 6.99E-001 767.1 100.0 761.7 非数字 -0.43 0.00 0.00
--            --             -- 1 2.796 1.5 0.8789,0.0000 1001 -6.56E-001 768.0 100.0 627.0 非数字 0.00 0.00 0.00
--            --             -- 2 2.437 1.5 0.8664,0.0000 1001 -6.56E-001 768.0 100.0 727.4 非数字 0.00 0.00 0.00
17 2017_10_23_11:08:40_267 255 0 1.838 0.1 0.9937,-0.0041 6710 2.43E-001 767.1 100.0 764.2 非数字 -0.43 0.00 0.00
--            --             -- 1 2.799 0.3 0.8818,0.0000 1001 -6.56E-001 768.0 100.0 760.3 非数字 0.00 0.00 0.00
--            --             -- 2 2.436 0.7 0.8647,0.0000 3008 6.99E-001 768.0 100.0 760.1 非数字 0.00 0.00 0.00
18 2017_10_23_11:08:40_379 255 0 1.836 0.3 0.8127,-0.0041 1001 -6.56E-001 767.1 100.0 665.8 非数字 -0.43 0.00 0.00
--            --             -- 1 2.798 0.2 0.7671,0.0000 1001 -6.56E-001 768.0 100.0 764.2 非数字 0.00 0.00 0.00
--            --             -- 2 2.437 0.2 0.8437,0.0000 1001 -6.56E-001 768.0 100.0 742.5 非数字 0.00 0.00 0.00
19 2017_10_23_11:08:40_491 255 0 1.836 0.6 0.8112,-0.0041 1001 -6.56E-001 767.1 100.0 764.5 非数字 -0.43 0.00 0.00
--            --             -- 1 2.795 0.0 0.8699,0.0000 1001 -6.56E-001 768.0 100.0 728.1 非数字 0.00 0.00 0.00
--            --             -- 2 2.437 0.0 0.8213,0.0000 1001 -6.56E-001 768.0 100.0 767.9 非数字 0.00 0.00 0.00
20 2017_10_23_11:08:40_606 255 0 1.837 1.0 0.8582,-0.0041 1001 -6.56E-001 767.1 100.0 733.2 非数字 -0.43 0.00 0.00
--            --             -- 1 2.794 1.8 0.8246,0.0000 1001 -6.56E-001 768.0 100.0 766.4 非数字 0.00 0.00 0.00
--            --             -- 2 2.435 0.9 0.0000,0.0000 100000 3.21E-001 477.0 100.0 733.7 非数字 0.00 0.00 0.00
21 2017_10_23_11:08:40_730 255 0 1.840 0.3 0.8700,-0.0041 1001 -6.56E-001 767.1 100.0 655.5 非数字 -0.43 0.00 0.00
--            --             -- 1 2.798 0.4 0.0000,0.0000 100000 3.21E-001 477.0 100.0 647.3 非数字 0.00 0.00 0.00
--            --             -- 2 2.436 0.5 0.0000,0.0000 100000 3.21E-001 477.0 100.0 777.1 非数字 0.00 0.00 0.00
22 2017_10_23_11:08:40_857 255 0 1.837 1.1 0.8600,-0.0041 1001 -6.56E-001 767.1 100.0 761.9 非数字 -0.43 0.00 0.00
--            --             -- 1 2.797 0.8 0.0000,0.0000 100000 3.21E-001 477.0 100.0 728.2 非数字 0.00 0.00 0.00
--            --             -- 2 2.436 0.0 0.0000,0.0000 100000 3.21E-001 477.0 100.0 764.4 非数字 0.00 0.00 0.00
23 2017_10_23_11:08:40_977 255 0 1.839 0.2 -0.0063,-0.0041 100000 3.21E-001 476.1 100.0 763.7 非数字 -0.43 0.00 0.00
--            --             -- 1 2.796 0.0 0.7817,0.0000 1001 -6.56E-001 768.0 100.0 644.9 非数字 0.00 0.00 0.00
--            --             -- 2 2.436 0.0 0.8124,0.0000 1001 -6.56E-001 768.0 100.0 718.7 非数字 0.00 0.00 0.00
24 2017_10_23_11:08:41_090 255 0 1.836 0.2 0.9037,-0.0041 1001 -6.56E-001 767.1 100.0 732.9 非数字 -0.43 0.00 0.00
--            --             -- 1 2.798 0.0 0.7945,0.0000 1001 -6.56E-001 768.0 100.0 695.4 非数字 0.00 0.00 0.00
--            --             -- 2 2.437 0.0 0.9154,0.0000 1001 -6.56E-001 768.0 100.0 728.6 非数字 0.00 0.00 0.00
25 2017_10_23_11:08:41_204 255 0 1.836 0.0 0.9145,-0.0041 1001 -6.56E-001 767.1 100.0 764.9 非数字 -0.43 0.00 0.00
--            --             -- 1 2.790 0.2 0.8209,0.0000 1001 -6.56E-001 768.0 100.0 682.6 非数字 0.00 0.00 0.00
--            --             -- 2 2.437 0.2 0.8337,0.0000 1001 -6.56E-001 768.0 100.0 765.9 非数字 0.00 0.00 0.00
26 2017_10_23_11:08:41_320 255 0 1.838 0.6 -0.0063,-0.0041 100000 3.21E-001 476.1 100.0 654.2 非数字 -0.43 0.00 0.00
--            --             -- 1 2.788 0.8 0.0000,0.0000 100000 3.21E-001 477.0 100.0 632.6 非数字 0.00 0.00 0.00
--            --             -- 2 2.436 1.0 0.8399,0.0000 1001 -6.56E-001 768.0 100.0 765.3 非数字 0.00 0.00 0.00
27 2017_10_23_11:08:41_434 255 0 1.837 1.0 -0.0063,-0.0041 100000 3.21E-001 476.1 100.0 764.6 非数字 -0.43 0.00 0.00
--            --             -- 1 2.788 0.3 0.7968,0.0000 1001 -6.56E-001 768.0 100.0 739.7 非数字 0.00 0.00 0.00
--            --             -- 2 2.437 0.0 0.8270,0.0000 1001 -6.56E-001 768.0 100.0 765.5 非数字 0.00 0.00 0.00
28 2017_10_23_11:08:41_546 255 0 1.836 0.4 0.9073,-0.0041 3008 6.99E-001 767.1 100.0 761.7 非数字 -0.43 0.00 0.00
--            --             -- 1 2.789 1.2 0.9301,0.0000 1001 -6.56E-001 768.0 100.0 764.3 非数字 0.00 0.00 0.00
--            --             -- 2 2.434 1.6 0.8639,0.0000 1001 -6.56E-001 768.0 100.0 765.1 非数字 0.00 0.00 0.00
29 2017_10_23_11:08:41_659 255 0 1.836 0.3 0.8175,-0.0041 1001 -6.56E-001 767.1 100.0 765.6 非数字 -0.43 0.00 0.00
--            --             -- 1 2.790 0.2 0.8271,0.0000 1001 -6.56E-001 768.0 100.0 760.8 非数字 0.00 0.00 0.00
--            --             -- 2 2.436 0.2 0.8568,0.0000 1001 -6.56E-001 768.0 100.0 764.4 非数字 0.00 0.00 0.00
30 2017_10_23_11:08:41_772 255 0 1.837 0.2 0.8836,-0.0041 3008 6.99E-001 767.1 100.0 778.5 非数字 -0.43 0.00 0.00
--            --             -- 1 2.796 0.0 0.8310,0.0000 1001 -6.56E-001 768.0 100.0 720.4 非数字 0.00 0.00 0.00
--            --             -- 2 2.437 0.0 0.8199,0.0000 1001 -6.56E-001 768.0 100.0 681.5 非数字 0.00 0.00 0.00
31 2017_10_23_11:08:41_885 255 0 1.835 0.9 0.8762,-0.0041 1001 -6.56E-001 767.1 100.0 719.1 非数字 -0.43 0.00 0.00
--            --             -- 1 2.795 1.8 0.8096,0.0000 1001 -6.56E-001 768.0 100.0 764.8 非数字 0.00 0.00 0.00
--            --             -- 2 2.437 1.3 0.9178,0.0000 1001 -6.56E-001 768.0 100.0 723.7 非数字 0.00 0.00 0.00
32 2017_10_23_11:08:42_008 255 0 1.837 0.3 0.8757,-0.0041 1001 -6.56E-001 767.1 100.0 764.8 非数字 -0.43 0.00 0.00
--            --             -- 1 2.792 0.4 0.9778,0.0000 1001 -6.56E-001 768.0 100.0 775.4 非数字 0.00 0.00 0.00
--            --             -- 2 2.435 0.5 0.8047,0.0000 1001 -6.56E-001 768.0 100.0 701.3 非数字 0.00 0.00 0.00
33 2017_10_23_11:08:42_121 255 0 1.835 0.3 0.9937,-0.0041 6073 2.58E-001 767.1 100.0 687.4 非数字 -0.43 0.00 0.00
--            --             -- 1 2.796 0.2 1.0000,0.0000 3514 4.95E-001 768.0 100.0 720.3 非数字 0.00 0.00 0.00
--            --             -- 2 2.436 0.2 1.0000,0.0000 5727 2.69E-001 768.0 100.0 717.5 非数字 0.00 0.00 0.00
34 2017_10_23_11:08:42_233 255 0 1.835 0.8 0.8513,-0.0041 1001 -6.56E-001 767.1 100.0 762.1 非数字 -0.43 0.00 0.00
--            --             -- 1 2.787 0.1 0.8182,0.0000 1001 -6.56E-001 768.0 100.0 760.2 非数字 0.00 0.00 0.00
--            --             -- 2 2.436 0.0 0.9652,0.0000 3008 6.99E-001 768.0 100.0 764.1 非数字 0.00 0.00 0.00
35 2017_10_23_11:08:42_346 255 0 1.836 0.9 0.8262,-0.0041 1001 -6.56E-001 767.1 100.0 719.5 非数字 -0.43 0.00 0.00
--            --             -- 1 2.787 1.8 0.9940,0.0000 3349 5.45E-001 768.0 100.0 719.7 非数字 0.00 0.00 0.00
--            --             -- 2 2.438 1.5 1.0000,0.0000 4434 3.45E-001 768.0 100.0 719.6 非数字 0.00 0.00 0.00
36 2017_10_23_11:08:42_463 255 0 1.837 0.3 0.8616,-0.0041 1001 -6.56E-001 767.1 100.0 769.5 非数字 -0.43 0.00 0.00
--            --             -- 1 2.790 0.3 0.9782,0.0000 1001 -6.56E-001 768.0 100.0 761.6 非数字 0.00 0.00 0.00
--            --             -- 2 2.435 0.4 1.0000,0.0000 4299 3.58E-001 768.0 100.0 732.6 非数字 0.00 0.00 0.00
37 2017_10_23_11:08:42_581 255 0 1.838 1.1 0.8262,-0.0041 1001 -6.56E-001 767.1 100.0 765.8 非数字 -0.43 0.00 0.00
--            --             -- 1 2.787 1.4 0.9160,0.0000 1001 -6.56E-001 768.0 100.0 722.3 非数字 0.00 0.00 0.00
--            --             -- 2 2.437 1.5 0.8916,0.0000 1001 -6.56E-001 768.0 100.0 764.0 非数字 0.00 0.00 0.00
38 2017_10_23_11:08:42_695 255 0 1.836 1.5 0.9937,-0.0041 4017 3.94E-001 767.1 100.0 763.8 非数字 -0.43 0.00 0.00
--            --             -- 1 2.790 1.0 1.0000,0.0000 3968 4.02E-001 768.0 100.0 763.9 非数字 0.00 0.00 0.00
--            --             -- 2 2.439 0.3 0.9424,0.0000 1001 -6.56E-001 768.0 100.0 732.2 非数字 0.00 0.00 0.00
39 2017_10_23_11:08:42_820 255 0 1.837 0.5 0.9937,-0.0041 5534 2.76E-001 767.1 100.0 701.1 非数字 -0.43 0.00 0.00
--            --             -- 1 2.785 1.4 1.0000,0.0000 5861 2.64E-001 768.0 100.0 763.9 非数字 0.00 0.00 0.00
--            --             -- 2 2.435 1.6 0.9324,0.0000 3008 6.99E-001 768.0 100.0 720.3 非数字 0.00 0.00 0.00
40 2017_10_23_11:08:42_948 255 0 1.837 0.7 0.9937,-0.0041 5606 2.73E-001 767.1 100.0 765.4 非数字 -0.43 0.00 0.00
--            --             -- 1 2.788 0.0 1.0000,0.0000 3420 5.22E-001 768.0 100.0 739.3 非数字 0.00 0.00 0.00
--            --             -- 2 2.440 0.0 0.8983,0.0000 3008 6.99E-001 768.0 100.0 765.8 非数字 0.00 0.00 0.00
41 2017_10_23_11:08:43_072 255 0 1.835 0.3 0.5380,0.3672 1626 1.06E-002 596.6 74.8 763.1 -22.4 0.69 0.02 2.10
--            --             -- 1 2.788 0.2 0.7806,0.0000 1001 -6.56E-001 768.0 100.0 720.1 非数字 0.00 0.00 0.00
--            --             -- 2 2.439 0.2 0.8713,0.0000 1001 -6.56E-001 768.0 100.0 760.5 非数字 0.00 0.00 0.00
42 2017_10_23_11:08:43_188 255 0 1.837 0.1 0.9643,-0.0041 3008 6.99E-001 767.1 100.0 718.9 非数字 -0.43 0.00 0.00
--            --             -- 1 2.785 0.8 0.9087,0.0000 1001 -6.56E-001 768.0 100.0 765.7 非数字 0.00 0.00 0.00
--            --             -- 2 2.436 1.1 0.8646,0.0000 1001 -6.56E-001 768.0 100.0 766.3 非数字 0.00 0.00 0.00
43 2017_10_23_11:08:43_300 255 0 1.838 0.3 0.9535,-0.0041 3640 4.64E-001 767.1 100.0 779.7 非数字 -0.43 0.00 0.00
--            --             -- 1 2.781 0.3 1.0000,0.0000 4757 3.18E-001 768.0 100.0 760.3 非数字 0.00 0.00 0.00
--            --             -- 2 2.440 0.2 0.0000,1.0000 9271 2.15E-001 521.1 100.0 766.8 非数字 0.00 0.01 0.00
44 2017_10_23_11:08:43_413 255 0 1.840 0.2 0.8890,-0.0041 1001 -6.56E-001 767.1 100.0 704.7 非数字 -0.43 0.00 0.00
--            --             -- 1 2.781 0.0 0.7930,0.0000 3008 6.99E-001 768.0 100.0 744.0 非数字 0.00 0.00 0.00
--            --             -- 2 2.436 0.0 1.0000,0.0000 4840 3.12E-001 768.0 100.0 719.5 非数字 0.00 0.00 0.00
45 2017_10_23_11:08:43_526 255 0 1.834 1.0 0.8364,-0.0041 1001 -6.56E-001 767.1 100.0 720.4 非数字 -0.43 0.00 0.00
--            --             -- 1 2.781 1.8 0.8048,0.0000 1001 -6.56E-001 768.0 100.0 702.4 非数字 0.00 0.00 0.00
--            --             -- 2 2.433 1.1 1.0000,0.0000 3008 6.99E-001 768.0 100.0 724.3 非数字 0.00 0.00 0.00
46 2017_10_23_11:08:43_638 255 0 1.834 0.3 0.9937,-0.0041 3933 4.07E-001 767.1 100.0 764.1 非数字 -0.43 0.00 0.00
--            --             -- 1 2.779 0.4 0.8285,0.0000 1001 -6.56E-001 768.0 100.0 766.0 非数字 0.00 0.00 0.00
--            --             -- 2 2.436 0.6 0.0000,1.0000 8201 2.23E-001 521.1 100.0 763.7 非数字 0.00 0.00 0.00
47 2017_10_23_11:08:43_752 255 0 1.838 0.2 0.8967,-0.0041 3008 6.99E-001 767.1 100.0 764.1 非数字 -0.43 0.00 0.00
--            --             -- 1 2.780 0.0 0.8016,0.0000 1001 -6.56E-001 768.0 100.0 733.0 非数字 0.00 0.00 0.00
--            --             -- 2 2.436 0.0 0.9959,0.0000 3097 6.50E-001 768.0 100.0 760.1 非数字 0.00 0.00 0.00
48 2017_10_23_11:08:43_865 255 0 1.834 1.1 0.8110,-0.0041 1001 -6.56E-001 767.1 100.0 764.3 非数字 -0.43 0.00 0.00
--            --             -- 1 2.780 0.7 1.0000,0.0000 3530 4.91E-001 768.0 100.0 718.4 非数字 0.00 0.00 0.00
--            --             -- 2 2.435 0.0 0.8720,0.0000 1001 -6.56E-001 768.0 100.0 764.1 非数字 0.00 0.00 0.00
49 2017_10_23_11:08:43_976 255 0 1.837 1.0 0.4713,0.2968 1665 -4.13E-002 767.1 36.1 766.5 -190.5 -0.07 0.01 0.21
--            --             -- 1 2.781 1.3 0.8207,0.0000 1001 -6.56E-001 768.0 100.0 765.9 非数字 0.00 0.00 0.00
--            --             -- 2 2.435 1.4 0.7979,0.0000 1001 -6.56E-001 768.0 100.0 765.2 非数字 0.00 0.00 0.00
50 2017_10_23_11:08:44_105 255 0 1.838 0.2 0.8483,-0.0041 1001 -6.56E-001 767.1 100.0 720.1 非数字 -0.43 0.00 0.00
--            --             -- 1 2.780 0.3 1.0000,0.0000 3008 6.99E-001 768.0 100.0 719.3 非数字 0.00 0.00 0.00
--            --             -- 2 2.435 0.6 1.0000,0.0000 3099 6.49E-001 768.0 100.0 760.6 非数字 0.00 0.00 0.00
51 2017_10_23_11:08:44_219 255 0 1.836 0.4 0.9937,-0.0041 4509 3.37E-001 767.1 100.0 720.8 非数字 -0.43 0.00 0.00
--            --             -- 1 2.779 0.5 1.0000,0.0000 6883 2.40E-001 768.0 100.0 763.5 非数字 0.00 0.00 0.00
--            --             -- 2 2.434 0.7 0.9465,0.0000 3042 6.79E-001 768.0 100.0 742.5 非数字 0.00 0.00 0.00
52 2017_10_23_11:08:44_333 255 0 1.838 0.2 0.9508,-0.0041 3008 6.99E-001 767.1 100.0 764.8 非数字 -0.43 0.00 0.00
--            --             -- 1 2.777 0.0 0.8130,0.0000 1001 -6.56E-001 768.0 100.0 764.0 非数字 0.00 0.00 0.00
--            --             -- 2 2.436 0.0 1.0000,0.0000 3434 5.18E-001 768.0 100.0 717.5 非数字 0.00 0.00 0.00
53 2017_10_23_11:08:44_458 255 0 1.838 1.1 0.8880,-0.0041 1001 -6.56E-001 767.1 100.0 726.9 非数字 -0.43 0.00 0.00
--            --             -- 1 2.774 1.1 0.7912,0.0000 1001 -6.56E-001 768.0 100.0 732.6 非数字 0.00 0.00 0.00
--            --             -- 2 2.434 0.3 0.8971,0.0000 1001 -6.56E-001 768.0 100.0 778.9 非数字 0.00 0.00 0.00
54 2017_10_23_11:08:44_582 255 0 1.837 0.2 0.9590,-0.0041 3008 6.99E-001 767.1 100.0 773.8 非数字 -0.43 0.00 0.00
--            --             -- 1 2.777 0.0 0.7861,0.0000 1001 -6.56E-001 768.0 100.0 743.0 非数字 0.00 0.00 0.00
--            --             -- 2 2.437 0.1 0.8348,0.0000 1001 -6.56E-001 768.0 100.0 724.2 非数字 0.00 0.00 0.00
55 2017_10_23_11:08:44_695 255 0 1.837 1.5 -0.0063,0.9959 8125 2.24E-001 520.2 100.0 764.0 非数字 -0.43 0.01 0.00
--            --             -- 1 2.776 0.9 0.8393,0.0000 1001 -6.56E-001 768.0 100.0 764.8 非数字 0.00 0.00 0.00
--            --             -- 2 2.437 0.3 0.9420,0.0000 3008 6.99E-001 768.0 100.0 743.5 非数字 0.00 0.00 0.00
56 2017_10_23_11:08:44_809 255 0 1.835 0.1 0.9937,-0.0041 3486 5.03E-001 767.1 100.0 742.3 非数字 -0.43 0.00 0.00
--            --             -- 1 2.776 0.9 1.0000,0.0000 6317 2.52E-001 768.0 100.0 765.8 非数字 0.00 0.00 0.00
--            --             -- 2 2.438 1.2 0.9045,0.0000 1001 -6.56E-001 768.0 100.0 717.3 非数字 0.00 0.00 0.00
57 2017_10_23_11:08:44_921 255 0 1.834 0.3 0.8551,-0.0041 1001 -6.56E-001 767.1 100.0 761.3 非数字 -0.43 0.00 0.00
--            --             -- 1 2.779 0.2 0.9165,0.0000 3008 6.99E-001 768.0 100.0 739.3 非数字 0.00 0.00 0.00
--            --             -- 2 2.436 0.3 0.8943,0.0000 3008 6.99E-001 768.0 100.0 732.7 非数字 0.00 0.00 0.00
58 2017_10_23_11:08:45_034 255 0 1.835 0.8 0.9937,-0.0041 4945 3.05E-001 767.1 100.0 720.9 非数字 -0.43 0.00 0.00
--            --             -- 1 2.776 0.1 0.8117,0.0000 3008 6.99E-001 768.0 100.0 737.8 非数字 0.00 0.00 0.00
--            --             -- 2 2.439 0.0 1.0000,0.0000 5428 2.80E-001 768.0 100.0 731.8 非数字 0.00 0.00 0.00
59 2017_10_23_11:08:45_146 255 0 1.837 0.6 0.8772,-0.0041 1001 -6.56E-001 767.1 100.0 701.4 非数字 -0.43 0.00 0.00
--            --             -- 1 2.776 1.6 0.9226,0.0000 1001 -6.56E-001 768.0 100.0 773.8 非数字 0.00 0.00 0.00
--            --             -- 2 2.431 1.7 0.8562,0.0000 1001 -6.56E-001 768.0 100.0 670.5 非数字 0.00 0.00 0.00
60 2017_10_23_11:08:45_260 255 0 1.835 0.4 0.8455,-0.0041 3008 6.99E-001 767.1 100.0 705.4 非数字 -0.43 0.00 0.00
--            --             -- 1 2.774 0.4 0.8070,0.0000 1001 -6.56E-001 768.0 100.0 728.5 非数字 0.00 0.00 0.00
--            --             -- 2 2.435 0.6 0.9198,0.0000 3008 6.99E-001 768.0 100.0 764.6 非数字 0.00 0.00 0.00
61 2017_10_23_11:08:45_373 255 0 1.836 0.2 0.9937,-0.0041 1001 -6.56E-001 767.1 100.0 719.4 非数字 -0.43 0.00 0.00
--            --             -- 1 2.776 0.0 1.0000,0.0000 3008 6.99E-001 768.0 100.0 705.3 非数字 0.00 0.00 0.00
--            --             -- 2 2.435 0.0 1.0000,0.0000 3987 3.99E-001 768.0 100.0 764.3 非数字 0.00 0.00 0.00
62 2017_10_23_11:08:45_486 255 0 1.834 1.0 0.9937,-0.0041 7504 2.31E-001 767.1 100.0 716.0 非数字 -0.43 0.00 0.00
--            --             -- 1 2.776 1.8 1.0000,0.0000 4358 3.52E-001 768.0 100.0 717.5 非数字 0.00 0.00 0.00
--            --             -- 2 2.433 0.9 1.0000,0.0000 3279 5.70E-001 768.0 100.0 720.2 非数字 0.00 0.00 0.00
63 2017_10_23_11:08:45_607 255 0 1.834 0.3 0.8710,-0.0041 1001 -6.56E-001 767.1 100.0 719.8 非数字 -0.43 0.00 0.00
--            --             -- 1 2.772 0.4 1.0000,0.0000 6280 2.53E-001 768.0 100.0 765.2 非数字 0.00 0.00 0.00
--            --             -- 2 2.435 0.6 0.8398,0.0000 1001 -6.56E-001 768.0 100.0 716.6 非数字 0.00 0.00 0.00
64 2017_10_23_11:08:45_719 255 0 1.834 0.5 0.9937,-0.0041 6284 2.53E-001 767.1 100.0 738.3 非数字 -0.43 0.00 0.00
--            --             -- 1 2.777 0.7 1.0000,0.0000 3008 6.99E-001 768.0 100.0 733.4 非数字 0.00 0.00 0.00
--            --             -- 2 2.436 0.9 1.0000,0.0000 5942 2.62E-001 768.0 100.0 760.1 非数字 0.00 0.00 0.00
65 2017_10_23_11:08:45_832 255 0 1.835 0.2 0.9593,-0.0041 3008 6.99E-001 767.1 100.0 644.1 非数字 -0.43 0.00 0.00
--            --             -- 1 2.776 0.0 0.0000,1.0000 7601 2.30E-001 521.1 100.0 764.6 非数字 0.00 0.01 0.00
--            --             -- 2 2.437 0.0 1.0000,0.0000 3465 5.09E-001 768.0 100.0 762.9 非数字 0.00 0.00 0.00
66 2017_10_23_11:08:45_945 255 0 1.839 0.2 0.8519,-0.0041 1001 -6.56E-001 767.1 100.0 768.8 非数字 -0.43 0.00 0.00
--            --             -- 1 2.774 0.2 1.0000,0.0000 3125 6.36E-001 768.0 100.0 776.5 非数字 0.00 0.00 0.00
--            --             -- 2 2.436 0.2 1.0000,0.0000 4213 3.68E-001 768.0 100.0 744.3 非数字 0.00 0.00 0.00
67 2017_10_23_11:08:46_056 255 0 1.836 1.4 0.9937,-0.0041 6886 2.40E-001 767.1 100.0 655.5 非数字 -0.43 0.00 0.00
--            --             -- 1 2.771 1.6 1.0000,0.0000 6898 2.40E-001 768.0 100.0 763.8 非数字 0.00 0.00 0.00
--            --             -- 2 2.438 1.2 1.0000,0.0000 6905 2.40E-001 768.0 100.0 666.4 非数字 0.00 0.00 0.00
68 2017_10_23_11:08:46_169 255 0 1.833 0.1 0.9119,-0.0041 1001 -6.56E-001 767.1 100.0 717.0 非数字 -0.43 0.00 0.00
--            --             -- 1 2.772 0.9 0.8977,0.0000 1001 -6.56E-001 768.0 100.0 718.4 非数字 0.00 0.00 0.00
--            --             -- 2 2.437 1.2 1.0000,0.0000 5633 2.72E-001 768.0 100.0 765.4 非数字 0.00 0.00 0.00
69 2017_10_23_11:08:46_283 255 0 1.838 0.3 0.9937,-0.0041 6161 2.56E-001 767.1 100.0 720.1 非数字 -0.43 0.00 0.00
--            --             -- 1 2.773 0.2 0.9853,0.0000 4062 3.88E-001 768.0 100.0 761.0 非数字 0.00 0.00 0.00
--            --             -- 2 2.436 0.2 1.0000,0.0000 3963 4.03E-001 768.0 100.0 719.8 非数字 0.00 0.00 0.00
70 2017_10_23_11:08:46_395 255 0 1.835 0.8 0.9937,-0.0041 5880 2.64E-001 767.1 100.0 763.2 非数字 -0.43 0.00 0.00
--            --             -- 1 2.770 0.0 1.0000,0.0000 4536 3.35E-001 768.0 100.0 701.5 非数字 0.00 0.00 0.00
--            --             -- 2 2.433 0.0 0.8929,0.0000 3008 6.99E-001 768.0 100.0 765.1 非数字 0.00 0.00 0.00
71 2017_10_23_11:08:46_507 255 0 1.832 0.9 0.9937,-0.0041 4234 3.66E-001 767.1 100.0 777.9 非数字 -0.43 0.00 0.00
--            --             -- 1 2.769 1.8 0.8528,0.1022 1001 -5.63E-001 768.0 100.0 765.1 非数字 0.02 0.01 0.00
--            --             -- 2 2.435 1.3 0.9843,0.0000 3258 5.78E-001 768.0 100.0 732.3 非数字 0.00 0.00 0.00
72 2017_10_23_11:08:46_621 255 0 1.834 0.3 0.9937,-0.0041 5626 2.72E-001 767.1 100.0 763.8 非数字 -0.43 0.00 0.00
--            --             -- 1 2.772 0.4 1.0000,0.0000 4026 3.93E-001 768.0 100.0 776.7 非数字 0.00 0.00 0.00
--            --             -- 2 2.438 0.5 1.0000,0.0000 3228 5.91E-001 768.0 100.0 686.2 非数字 0.00 0.00 0.00
73 2017_10_23_11:08:46_734 255 0 1.838 0.2 0.8063,-0.0041 1001 -6.56E-001 767.1 100.0 760.7 非数字 -0.43 0.00 0.00
--            --             -- 1 2.770 0.0 1.0000,0.0000 3260 5.78E-001 768.0 100.0 764.6 非数字 0.00 0.00 0.00
--            --             -- 2 2.437 0.0 1.0000,0.0000 3064 6.67E-001 768.0 100.0 732.6 非数字 0.00 0.00 0.00
74 2017_10_23_11:08:46_847 255 0 1.836 1.0 0.8081,-0.0041 1001 -6.56E-001 767.1 100.0 761.2 非数字 -0.43 0.00 0.00
--            --             -- 1 2.769 1.7 0.8910,0.0000 3008 6.99E-001 768.0 100.0 760.6 非数字 0.00 0.00 0.00
--            --             -- 2 2.437 0.9 0.9252,0.0000 3008 6.99E-001 768.0 100.0 778.9 非数字 0.00 0.00 0.00
75 2017_10_23_11:08:46_971 255 0 1.836 0.5 0.8929,-0.0041 1001 -6.56E-001 767.1 100.0 743.1 非数字 -0.43 0.00 0.00
--            --             -- 1 2.772 0.8 0.8660,0.0000 1001 -6.56E-001 768.0 100.0 681.4 非数字 0.00 0.00 0.00
--            --             -- 2 2.440 0.9 1.0000,0.0000 5073 2.98E-001 768.0 100.0 728.8 非数字 0.00 0.00 0.00
76 2017_10_23_11:08:47_090 255 0 1.837 0.1 0.9384,-0.0041 3008 6.99E-001 767.1 100.0 726.2 非数字 -0.43 0.00 0.00
--            --             -- 1 2.771 0.2 0.9283,0.0000 1001 -6.56E-001 768.0 100.0 723.7 非数字 0.00 0.00 0.00
--            --             -- 2 2.436 0.2 0.8257,0.0000 1001 -6.56E-001 768.0 100.0 732.0 非数字 0.00 0.00 0.00
77 2017_10_23_11:08:47_204 255 0 1.835 0.3 0.9265,-0.0041 1001 -6.56E-001 767.1 100.0 763.4 非数字 -0.43 0.00 0.00
--            --             -- 1 2.771 0.2 0.9523,0.0000 3008 6.99E-001 768.0 100.0 676.3 非数字 0.00 0.00 0.00
--            --             -- 2 2.437 0.2 0.8574,0.0000 3008 6.99E-001 768.0 100.0 732.3 非数字 0.00 0.00 0.00
78 2017_10_23_11:08:47_317 255 0 1.836 1.5 0.9937,-0.0041 4600 3.30E-001 767.1 100.0 762.8 非数字 -0.43 0.00 0.00
--            --             -- 1 2.766 1.6 0.9144,0.0000 3268 5.75E-001 768.0 100.0 764.5 非数字 0.00 0.00 0.00
--            --             -- 2 2.437 1.1 1.0000,0.0000 5016 3.01E-001 768.0 100.0 764.0 非数字 0.00 0.00 0.00
79 2017_10_23_11:08:47_430 255 0 1.838 0.0 0.8736,-0.0041 1001 -6.56E-001 767.1 100.0 711.6 非数字 -0.43 0.00 0.00
--            --             -- 1 2.766 0.8 0.8574,0.0000 1001 -6.56E-001 768.0 100.0 761.8 非数字 0.00 0.00 0.00
--            --             -- 2 2.438 1.1 0.9612,0.0000 3629 4.66E-001 768.0 100.0 724.3 非数字 0.00 0.00 0.00
80 2017_10_23_11:08:47_548 255 0 1.836 0.3 0.9937,-0.0041 5590 2.74E-001 767.1 100.0 722.6 非数字 -0.43 0.00 0.00
--            --             -- 1 2.770 0.2 1.0000,0.0000 6194 2.55E-001 768.0 100.0 760.2 非数字 0.00 0.00 0.00
--            --             -- 2 2.435 0.2 0.9243,0.0000 1001 -6.56E-001 768.0 100.0 720.9 非数字 0.00 0.00 0.00
81 2017_10_23_11:08:47_674 255 0 1.836 0.3 0.8678,-0.0041 3008 6.99E-001 767.1 100.0 742.0 非数字 -0.43 0.00 0.00
--            --             -- 1 2.767 0.3 0.8748,0.0000 1001 -6.56E-001 768.0 100.0 764.9 非数字 0.00 0.00 0.00
--            --             -- 2 2.435 0.4 0.8149,0.0000 1001 -6.56E-001 768.0 100.0 756.8 非数字 0.00 0.00 0.00
82 2017_10_23_11:08:47_792 255 0 1.832 0.7 0.9193,-0.0041 1001 -6.56E-001 767.1 100.0 777.0 非数字 -0.43 0.00 0.00
--            --             -- 1 2.769 1.7 0.7949,0.0000 3008 6.99E-001 768.0 100.0 765.3 非数字 0.00 0.00 0.00
--            --             -- 2 2.438 1.7 1.0000,0.0000 3486 5.03E-001 768.0 100.0 680.5 非数字 0.00 0.00 0.00
83 2017_10_23_11:08:47_904 255 0 1.836 0.3 0.9602,-0.0041 3021 6.91E-001 767.1 100.0 739.1 非数字 -0.43 0.00 0.00
--            --             -- 1 2.768 0.3 0.9174,0.0000 1001 -6.56E-001 768.0 100.0 764.8 非数字 0.00 0.00 0.00
--            --             -- 2 2.435 0.2 0.8991,0.0000 1001 -6.56E-001 768.0 100.0 723.5 非数字 0.00 0.00 0.00
84 2017_10_23_11:08:48_017 255 0 1.835 1.5 0.8203,-0.0041 1001 -6.56E-001 767.1 100.0 764.4 非数字 -0.43 0.00 0.00
--            --             -- 1 2.769 1.6 0.8633,0.0000 1001 -6.56E-001 768.0 100.0 721.5 非数字 0.00 0.00 0.00
--            --             -- 2 2.436 0.9 1.0000,0.0000 3885 4.15E-001 768.0 100.0 763.6 非数字 0.00 0.00 0.00
85 2017_10_23_11:08:48_131 255 0 1.837 0.1 0.8768,-0.0041 1001 -6.56E-001 767.1 100.0 720.2 非数字 -0.43 0.00 0.00
--            --             -- 1 2.767 0.3 0.8351,0.0000 1001 -6.56E-001 768.0 100.0 765.6 非数字 0.00 0.00 0.00
--            --             -- 2 2.435 0.6 0.8543,0.0000 1001 -6.56E-001 768.0 100.0 765.3 非数字 0.00 0.00 0.00
86 2017_10_23_11:08:48_244 255 0 1.833 0.3 0.9937,-0.0041 3960 4.03E-001 767.1 100.0 718.7 非数字 -0.43 0.00 0.00
--            --             -- 1 2.767 0.3 0.8189,0.0000 1001 -6.56E-001 768.0 100.0 766.7 非数字 0.00 0.00 0.00
--            --             -- 2 2.437 0.2 0.8296,0.0000 1001 -6.56E-001 768.0 100.0 743.6 非数字 0.00 0.00 0.00
87 2017_10_23_11:08:48_356 255 0 1.837 1.4 0.8003,-0.0041 1001 -6.56E-001 767.1 100.0 775.6 非数字 -0.43 0.00 0.00
--            --             -- 1 2.764 0.8 0.8616,0.0000 1001 -6.56E-001 768.0 100.0 763.7 非数字 0.00 0.00 0.00
--            --             -- 2 2.436 0.1 0.9740,0.0000 3008 6.99E-001 768.0 100.0 678.9 非数字 0.00 0.00 0.00
88 2017_10_23_11:08:48_469 255 0 1.833 0.7 0.9937,-0.0041 4712 3.21E-001 767.1 100.0 779.6 非数字 -0.43 0.00 0.00
--            --             -- 1 2.769 1.7 0.8895,0.0000 1001 -6.56E-001 768.0 100.0 764.8 非数字 0.00 0.00 0.00
--            --             -- 2 2.434 1.7 1.0000,0.0000 3652 4.61E-001 768.0 100.0 761.3 非数字 0.00 0.00 0.00
89 2017_10_23_11:08:48_581 255 0 1.835 0.3 0.8738,-0.0041 3008 6.99E-001 767.1 100.0 727.3 非数字 -0.43 0.00 0.00
--            --             -- 1 2.771 0.4 0.7915,0.0000 1001 -6.56E-001 768.0 100.0 764.1 非数字 0.00 0.00 0.00
--            --             -- 2 2.434 0.6 1.0000,0.0000 4789 3.15E-001 768.0 100.0 763.2 非数字 0.00 0.00 0.00
90 2017_10_23_11:08:48_693 255 0 1.838 0.2 0.8072,-0.0041 1001 -6.56E-001 767.1 100.0 761.0 非数字 -0.43 0.00 0.00
--            --             -- 1 2.768 0.0 0.8380,0.0000 1001 -6.56E-001 768.0 100.0 777.7 非数字 0.00 0.00 0.00
--            --             -- 2 2.433 0.0 1.0000,0.0000 3819 4.27E-001 768.0 100.0 764.6 非数字 0.00 0.00 0.00
91 2017_10_23_11:08:48_806 255 0 1.840 0.2 0.7877,-0.0041 1001 -6.56E-001 767.1 100.0 775.0 非数字 -0.43 0.00 0.00
--            --             -- 1 2.765 0.2 0.8287,0.0000 1001 -6.56E-001 768.0 100.0 765.3 非数字 0.00 0.00 0.00
--            --             -- 2 2.439 0.2 0.8478,0.0000 1001 -6.56E-001 768.0 100.0 763.1 非数字 0.00 0.00 0.00
92 2017_10_23_11:08:48_917 255 0 1.835 1.5 0.8952,-0.0041 1001 -6.56E-001 767.1 100.0 776.8 非数字 -0.43 0.00 0.00
--            --             -- 1 2.768 1.6 0.8418,0.0000 1001 -6.56E-001 768.0 100.0 641.4 非数字 0.00 0.00 0.00
--            --             -- 2 2.438 1.1 0.8278,0.0000 1001 -6.56E-001 768.0 100.0 767.4 非数字 0.00 0.00 0.00
93 2017_10_23_11:08:49_030 255 0 1.837 0.0 0.9937,-0.0041 4570 3.32E-001 767.1 100.0 771.9 非数字 -0.43 0.00 0.00
--            --             -- 1 2.766 0.7 1.0000,0.0000 4098 3.83E-001 768.0 100.0 764.1 非数字 0.00 0.00 0.00
--            --             -- 2 2.435 1.1 0.9158,0.0000 1001 -6.56E-001 768.0 100.0 774.2 非数字 0.00 0.00 0.00
94 2017_10_23_11:08:49_149 255 0 1.835 0.3 0.9937,-0.0041 4631 3.27E-001 767.1 100.0 761.5 非数字 -0.43 0.00 0.00
--            --             -- 1 2.767 0.2 1.0000,0.0000 4089 3.84E-001 768.0 100.0 763.9 非数字 0.00 0.00 0.00
--            --             -- 2 2.436 0.2 1.0000,0.0000 5491 2.78E-001 768.0 100.0 765.3 非数字 0.00 0.00 0.00
95 2017_10_23_11:08:49_272 255 0 1.836 0.3 0.8027,-0.0041 1001 -6.56E-001 767.1 100.0 718.1 非数字 -0.43 0.00 0.00
--            --             -- 1 2.768 0.3 0.9193,0.0000 3008 6.99E-001 768.0 100.0 764.8 非数字 0.00 0.00 0.00
--            --             -- 2 2.436 0.4 1.0000,0.0000 3868 4.18E-001 768.0 100.0 777.2 非数字 0.00 0.00 0.00
96 2017_10_23_11:08:49_385 255 0 1.837 0.3 0.9937,-0.0041 4974 3.03E-001 767.1 100.0 764.4 非数字 -0.43 0.00 0.00
--            --             -- 1 2.767 0.2 1.0000,0.0000 3913 4.10E-001 768.0 100.0 729.1 非数字 0.00 0.00 0.00
--            --             -- 2 2.438 0.2 1.0000,0.0000 6134 2.56E-001 768.0 100.0 763.5 非数字 0.00 0.00 0.00
97 2017_10_23_11:08:49_498 255 0 1.837 1.3 0.9138,-0.0041 1001 -6.56E-001 767.1 100.0 720.8 非数字 -0.43 0.00 0.00
--            --             -- 1 2.767 1.6 1.0000,0.0000 4277 3.61E-001 768.0 100.0 762.5 非数字 0.00 0.00 0.00
--            --             -- 2 2.436 1.3 0.8470,0.0000 1001 -6.56E-001 768.0 100.0 692.0 非数字 0.00 0.00 0.00
98 2017_10_23_11:08:49_610 255 0 1.837 0.0 0.8629,-0.0041 1001 -6.56E-001 767.1 100.0 728.2 非数字 -0.43 0.00 0.00
--            --             -- 1 2.767 0.6 1.0000,0.0000 5010 3.01E-001 768.0 100.0 731.9 非数字 0.00 0.00 0.00
--            --             -- 2 2.438 1.0 1.0000,0.0000 5203 2.91E-001 768.0 100.0 720.0 非数字 0.00 0.00 0.00
99 2017_10_23_11:08:49_723 255 0 1.835 0.3 0.3778,0.3830 3977 3.71E-003 576.5 31.5 760.8 65.6 0.95 0.02 2.59
--            --             -- 1 2.767 0.2 0.9774,0.0000 3406 5.27E-001 768.0 100.0 764.5 非数字 0.00 0.00 0.00
--            --             -- 2 2.439 0.2 0.8479,0.0000 1001 -6.56E-001 768.0 100.0 759.6 非数字 0.00 0.00 0.00
