记录条数   时间  bin号 晶号 电压(V) 反向漏电流(uA) 色坐标(x,y) 相关色温(K) 色差 主波长(nm) 色纯度(%) 峰值波长(nm) 显色性指数 光通量(lm) 辐射通量(mW) 光效 
0 2017_06_08 15:53:24 826 2 0 0.198 44.0 1.0100,0.0100 1001 -6.56E-001 769.0 100.0 672.2 非数字 1.00 0.00 0.00
1 2017_06_08 15:53:26 304 2 0 0.181 44.0 1.0100,0.0100 1001 -6.56E-001 769.0 100.0 599.2 非数字 1.00 0.00 0.00
2 2017_06_08 15:53:27 145 2 0 0.166 44.0 0.9912,0.0100 1001 -6.56E-001 769.0 100.0 599.0 非数字 1.00 0.00 0.00
3 2017_06_08 15:53:28 112 2 0 0.162 44.0 0.9829,0.0100 1001 -6.56E-001 769.0 100.0 598.9 非数字 1.00 0.00 0.00
4 2017_06_08 15:53:28 926 2 0 0.213 44.0 0.0100,0.0100 100000 3.21E-001 478.0 100.0 598.7 非数字 1.00 0.00 0.00
5 2017_06_08 15:53:29 759 2 0 0.194 44.0 0.0100,0.0100 100000 3.21E-001 478.0 100.0 496.7 非数字 1.00 0.00 0.00
6 2017_06_08 15:53:30 598 2 0 0.162 44.0 0.0100,0.0100 100000 3.21E-001 478.0 100.0 496.6 非数字 1.00 0.00 0.00
7 2017_06_08 15:53:31 440 2 0 0.156 44.0 0.0100,0.0100 100000 3.21E-001 478.0 100.0 496.8 非数字 1.00 0.00 0.00
8 2017_06_08 15:53:32 008 2 0 0.194 44.0 0.0100,0.0100 100000 3.21E-001 478.0 100.0 496.8 非数字 1.00 0.00 0.00
9 2017_06_08 15:53:32 600 2 0 0.204 44.0 0.0100,0.0100 100000 3.21E-001 478.0 100.0 468.9 非数字 1.00 0.00 0.00
10 2017_06_08 15:53:33 055 2 0 0.154 44.0 0.0100,0.0100 0 0.00E+000 1.0 0.0 379.0 1.0 1.00 0.00 0.00
11 2017_06_08 15:53:33 285 2 0 0.158 44.0 0.0100,0.0100 0 0.00E+000 1.0 0.0 379.0 1.0 1.00 0.00 0.00
12 2017_06_08 15:53:33 509 2 0 0.167 44.0 0.0100,0.0100 0 0.00E+000 1.0 0.0 379.0 1.0 1.00 0.00 0.00
13 2017_06_08 15:53:33 761 2 0 0.163 44.0 0.0100,0.0100 0 0.00E+000 1.0 0.0 379.0 1.0 1.00 0.00 0.00
14 2017_06_08 15:53:34 190 2 0 0.161 44.0 0.0100,0.0100 0 0.00E+000 1.0 0.0 379.0 1.0 1.00 0.00 0.00
15 2017_06_08 15:53:38 544 4 0 2.916 0.4 0.0100,0.0100 0 0.00E+000 1.0 0.0 379.0 1.0 1.00 0.00 0.00
16 2017_06_08 15:53:39 357 4 0 2.907 0.2 0.0100,0.0100 0 0.00E+000 1.0 0.0 379.0 1.0 1.00 0.00 0.00
17 2017_06_08 15:53:43 551 4 0 2.920 0.2 0.0100,0.2630 100000 2.59E-001 489.6 100.0 457.3 非数字 1.09 0.00 0.15
18 2017_06_08 15:53:44 688 4 0 2.908 0.2 0.0100,1.0100 100000 1.88E-001 522.1 100.0 457.3 非数字 1.00 0.00 0.00
19 2017_06_08 15:53:45 776 4 0 2.910 0.3 0.0100,1.0100 100000 1.89E-001 522.1 100.0 456.5 非数字 1.00 0.00 0.00
20 2017_06_08 15:53:46 415 4 0 2.923 0.3 0.0100,1.0100 100000 1.88E-001 522.1 100.0 456.7 非数字 1.00 0.00 0.00
21 2017_06_08 15:53:47 205 4 0 2.914 0.3 0.0100,1.0100 100000 1.89E-001 522.1 100.0 457.7 非数字 1.00 0.00 0.00
22 2017_06_08 15:53:47 846 4 0 2.916 0.3 0.0100,1.0100 100000 1.89E-001 522.1 100.0 458.3 非数字 1.00 0.00 0.00
23 2017_06_08 15:53:48 257 4 0 2.917 0.3 0.0100,1.0100 100000 1.88E-001 522.1 100.0 457.7 非数字 1.00 0.00 0.00
24 2017_06_08 15:53:48 678 4 0 2.901 0.4 0.0100,1.0100 100000 1.88E-001 522.1 100.0 458.2 非数字 1.00 0.00 0.00
25 2017_06_08 15:53:50 586 4 0 2.920 0.2 0.0100,1.0100 100000 1.89E-001 522.1 100.0 457.8 非数字 1.00 0.00 0.00
26 2017_06_08 15:53:50 609 4 0 2.911 0.2 0.0100,0.9148 100000 1.89E-001 517.4 100.0 457.6 非数字 1.00 0.00 0.00
27 2017_06_08 15:53:50 632 4 0 2.917 0.2 0.0100,1.0100 100000 1.89E-001 522.1 100.0 457.6 非数字 1.00 0.00 0.00
28 2017_06_08 15:53:50 656 4 0 2.908 0.4 0.0100,0.2522 100000 2.86E-001 489.1 100.0 457.6 非数字 1.03 0.00 0.03
29 2017_06_08 15:53:50 680 4 0 2.918 0.3 0.0100,0.9174 100000 1.89E-001 517.6 100.0 457.7 非数字 1.00 0.00 0.00
30 2017_06_08 15:53:50 702 4 0 2.910 0.3 0.0100,1.0100 100000 1.87E-001 522.1 100.0 456.9 非数字 1.00 0.00 0.00
31 2017_06_08 15:53:50 727 4 0 2.914 0.2 1.0100,0.0100 100000 1.87E-001 769.0 100.0 457.0 非数字 1.00 0.00 0.00
32 2017_06_08 15:53:50 750 4 0 2.913 0.2 1.0100,0.0100 100000 1.86E-001 769.0 100.0 457.2 非数字 1.00 0.00 0.00
33 2017_06_08 15:53:50 774 4 0 2.912 0.3 1.0100,0.0100 100000 1.86E-001 769.0 100.0 457.2 非数字 1.00 0.00 0.00
34 2017_06_08 15:53:50 797 4 0 2.923 0.4 1.0100,0.0100 100000 1.87E-001 769.0 100.0 457.4 非数字 1.00 0.00 0.00
35 2017_06_08 15:53:50 822 4 0 2.915 0.3 0.0100,1.0100 100000 1.87E-001 522.1 100.0 457.4 非数字 1.00 0.00 0.00
36 2017_06_08 15:53:50 845 4 0 2.908 0.2 1.0100,0.0100 100000 1.86E-001 769.0 100.0 457.4 非数字 1.00 0.00 0.00
37 2017_06_08 15:53:50 868 4 0 2.922 0.2 0.0100,1.0100 100000 1.87E-001 522.1 100.0 457.4 非数字 1.00 0.00 0.00
38 2017_06_08 15:53:50 893 4 0 2.914 0.3 0.0100,1.0100 100000 1.87E-001 522.1 100.0 457.5 非数字 1.00 0.00 0.00
39 2017_06_08 15:53:50 915 4 0 2.922 0.3 0.0100,1.0100 100000 1.87E-001 522.1 100.0 457.5 非数字 1.00 0.00 0.00
40 2017_06_08 15:53:50 939 4 0 2.909 0.3 0.0100,1.0100 100000 1.87E-001 522.1 100.0 457.5 非数字 1.00 0.00 0.00
41 2017_06_08 15:53:50 966 4 0 2.918 0.3 0.0100,1.0100 100000 1.87E-001 522.1 100.0 457.5 非数字 1.00 0.00 0.00
42 2017_06_08 15:53:50 991 4 0 2.906 0.2 0.0100,1.0100 100000 1.88E-001 522.1 100.0 457.5 非数字 1.00 0.00 0.00
43 2017_06_08 15:53:51 016 4 0 2.910 0.3 0.0100,1.0100 100000 1.88E-001 522.1 100.0 457.5 非数字 1.00 0.00 0.00
44 2017_06_08 15:53:51 040 4 0 2.921 0.4 0.0100,1.0100 100000 1.88E-001 522.1 100.0 457.6 非数字 1.00 0.00 0.00
45 2017_06_08 15:53:51 063 4 0 2.907 0.3 0.0100,1.0100 100000 1.88E-001 522.1 100.0 457.6 非数字 1.00 0.00 0.00
46 2017_06_08 15:53:51 089 4 0 2.909 0.2 0.0100,1.0100 100000 1.88E-001 522.1 100.0 457.6 非数字 1.00 0.00 0.00
47 2017_06_08 15:53:51 117 4 0 2.915 0.3 0.0100,1.0100 100000 1.88E-001 522.1 100.0 457.6 非数字 1.00 0.00 0.00
48 2017_06_08 15:53:51 144 4 0 2.904 0.3 0.0100,1.0100 100000 1.88E-001 522.1 100.0 457.6 非数字 1.00 0.00 0.00
49 2017_06_08 15:53:51 173 4 0 2.910 0.2 0.0100,1.0100 100000 1.88E-001 522.1 100.0 457.6 非数字 1.00 0.00 0.00
50 2017_06_08 15:53:51 201 4 0 2.911 0.4 0.0100,1.0100 100000 1.88E-001 522.1 100.0 457.6 非数字 1.00 0.00 0.00
51 2017_06_08 15:53:51 231 4 0 2.907 0.2 0.0100,1.0100 100000 1.88E-001 522.1 100.0 457.6 非数字 1.00 0.00 0.00
52 2017_06_08 15:53:51 258 4 0 2.910 0.3 0.0100,1.0100 100000 1.88E-001 522.1 100.0 457.6 非数字 1.00 0.00 0.00
53 2017_06_08 15:53:51 284 4 0 2.920 0.3 0.0100,1.0100 100000 1.88E-001 522.1 100.0 457.6 非数字 1.00 0.00 0.00
54 2017_06_08 15:53:51 310 4 0 2.911 0.2 0.0100,1.0100 100000 1.88E-001 522.1 100.0 457.6 非数字 1.00 0.00 0.00
55 2017_06_08 15:53:51 337 4 0 2.913 0.3 0.0100,1.0100 100000 1.88E-001 522.1 100.0 457.6 非数字 1.00 0.00 0.00
56 2017_06_08 15:53:51 363 4 0 2.905 0.3 0.0100,1.0100 100000 1.88E-001 522.1 100.0 457.6 非数字 1.00 0.00 0.00
57 2017_06_08 15:53:51 389 4 0 2.914 0.2 0.0100,0.9950 100000 1.89E-001 521.4 100.0 457.6 非数字 1.00 0.00 0.00
58 2017_06_08 15:53:51 415 4 0 2.909 0.2 0.0100,1.0009 100000 1.89E-001 521.7 100.0 457.6 非数字 1.00 0.00 0.00
59 2017_06_08 15:53:51 441 4 0 2.908 0.3 0.0100,0.9962 100000 1.89E-001 521.5 100.0 457.6 非数字 1.00 0.00 0.00
60 2017_06_08 15:53:51 465 4 0 2.914 0.2 0.0100,1.0008 100000 1.89E-001 521.7 100.0 457.6 非数字 1.00 0.00 0.00
61 2017_06_08 15:53:51 489 4 0 2.920 0.2 0.0100,1.0100 100000 1.88E-001 522.1 100.0 457.6 非数字 1.00 0.00 0.00
62 2017_06_08 15:53:51 514 4 0 2.914 0.3 0.0100,1.0100 100000 1.88E-001 522.1 100.0 457.6 非数字 1.00 0.00 0.00
63 2017_06_08 15:53:51 539 4 0 2.911 0.4 0.0100,1.0100 100000 1.88E-001 522.1 100.0 457.6 非数字 1.00 0.00 0.00
64 2017_06_08 15:53:51 563 4 0 2.917 0.3 0.0100,1.0051 100000 1.88E-001 521.9 100.0 457.6 非数字 1.00 0.00 0.00
65 2017_06_08 15:53:51 588 4 0 2.903 0.2 0.0100,1.0100 100000 1.88E-001 522.1 100.0 457.6 非数字 1.00 0.00 0.00
66 2017_06_08 15:53:51 613 4 0 2.906 0.3 0.0100,1.0100 100000 1.88E-001 522.1 100.0 457.6 非数字 1.00 0.00 0.00
67 2017_06_08 15:53:51 638 4 0 2.907 0.4 0.0100,1.0100 100000 1.88E-001 522.1 100.0 457.7 非数字 1.00 0.00 0.00
68 2017_06_08 15:53:51 663 4 0 2.908 0.3 0.0100,1.0100 100000 1.88E-001 522.1 100.0 457.7 非数字 1.00 0.00 0.00
69 2017_06_08 15:53:51 687 4 0 2.911 0.2 0.0100,1.0100 100000 1.88E-001 522.1 100.0 457.7 非数字 1.00 0.00 0.00
70 2017_06_08 15:53:51 711 4 0 2.922 0.2 0.0100,1.0100 100000 1.88E-001 522.1 100.0 457.7 非数字 1.00 0.00 0.00
71 2017_06_08 15:53:51 737 4 0 2.912 0.3 0.0100,1.0100 100000 1.88E-001 522.1 100.0 457.4 非数字 1.00 0.00 0.00
72 2017_06_08 15:53:51 761 4 0 2.910 0.3 0.0100,1.0100 100000 1.87E-001 522.1 100.0 457.5 非数字 1.00 0.00 0.00
73 2017_06_08 15:53:51 786 4 0 2.907 0.2 0.0100,1.0100 100000 1.88E-001 522.1 100.0 457.5 非数字 1.00 0.00 0.00
74 2017_06_08 15:53:51 811 4 0 2.909 0.2 0.0100,1.0100 100000 1.88E-001 522.1 100.0 457.5 非数字 1.00 0.00 0.00
75 2017_06_08 15:53:51 840 4 0 2.920 0.3 0.0100,1.0100 100000 1.88E-001 522.1 100.0 457.5 非数字 1.00 0.00 0.00
76 2017_06_08 15:53:51 870 4 0 2.919 0.2 0.0100,1.0100 100000 1.88E-001 522.1 100.0 457.5 非数字 1.00 0.00 0.00
77 2017_06_08 15:53:51 898 4 0 2.909 0.3 0.0100,1.0100 100000 1.88E-001 522.1 100.0 457.5 非数字 1.00 0.00 0.00
78 2017_06_08 15:53:51 926 4 0 2.905 0.3 0.0100,1.0100 100000 1.87E-001 522.1 100.0 457.5 非数字 1.00 0.00 0.00
79 2017_06_08 15:53:51 956 4 0 2.913 0.2 0.0100,1.0100 100000 1.87E-001 522.1 100.0 457.5 非数字 1.00 0.00 0.00
80 2017_06_08 15:53:51 986 4 0 2.910 0.3 0.0100,1.0100 100000 1.88E-001 522.1 100.0 457.5 非数字 1.00 0.00 0.00
81 2017_06_08 15:53:52 017 4 0 2.907 0.2 0.0100,1.0100 100000 1.88E-001 522.1 100.0 457.5 非数字 1.00 0.00 0.00
82 2017_06_08 15:53:52 043 4 0 2.920 0.3 0.0100,1.0100 100000 1.88E-001 522.1 100.0 457.5 非数字 1.00 0.00 0.00
83 2017_06_08 15:53:52 071 4 0 2.917 0.2 0.0100,1.0100 100000 1.87E-001 522.1 100.0 457.5 非数字 1.00 0.00 0.00
84 2017_06_08 15:53:52 096 4 0 2.909 0.4 0.0100,1.0100 100000 1.88E-001 522.1 100.0 457.5 非数字 1.00 0.00 0.00
85 2017_06_08 15:53:52 120 4 0 2.911 0.3 0.0100,1.0100 100000 1.88E-001 522.1 100.0 457.5 非数字 1.00 0.00 0.00
86 2017_06_08 15:53:52 142 4 0 2.918 0.3 0.0100,1.0100 100000 1.88E-001 522.1 100.0 457.6 非数字 1.00 0.00 0.00
87 2017_06_08 15:53:52 167 4 0 2.906 0.2 0.0100,1.0100 100000 1.88E-001 522.1 100.0 457.6 非数字 1.00 0.00 0.00
88 2017_06_08 15:53:52 190 4 0 2.918 0.2 0.0100,1.0100 100000 1.87E-001 522.1 100.0 457.5 非数字 1.00 0.00 0.00
89 2017_06_08 15:53:52 214 4 0 2.918 0.3 0.0100,1.0100 100000 1.87E-001 522.1 100.0 457.6 非数字 1.00 0.00 0.00
90 2017_06_08 15:53:52 238 4 0 2.914 0.4 0.0100,1.0100 100000 1.87E-001 522.1 100.0 457.6 非数字 1.00 0.00 0.00
91 2017_06_08 15:53:52 263 4 0 2.916 0.3 0.0100,1.0100 100000 1.87E-001 522.1 100.0 457.6 非数字 1.00 0.00 0.00
92 2017_06_08 15:53:52 288 4 0 2.910 0.2 0.0100,1.0100 100000 1.87E-001 522.1 100.0 457.5 非数字 1.00 0.00 0.00
93 2017_06_08 15:53:52 311 4 0 2.907 0.3 0.0100,1.0100 100000 1.87E-001 522.1 100.0 457.5 非数字 1.00 0.00 0.00
94 2017_06_08 15:53:52 336 4 0 2.906 0.3 0.0100,1.0100 100000 1.87E-001 522.1 100.0 457.6 非数字 1.00 0.00 0.00
95 2017_06_08 15:53:52 360 4 0 2.910 0.3 0.0100,1.0100 100000 1.87E-001 522.1 100.0 457.5 非数字 1.00 0.00 0.00
96 2017_06_08 15:53:52 388 4 0 2.913 0.2 0.0100,1.0100 100000 1.87E-001 522.1 100.0 457.5 非数字 1.00 0.00 0.00
97 2017_06_08 15:53:52 416 4 0 2.917 0.3 0.0100,1.0100 100000 1.87E-001 522.1 100.0 457.5 非数字 1.00 0.00 0.00
98 2017_06_08 15:53:52 443 4 0 2.910 0.3 0.0100,1.0100 100000 1.87E-001 522.1 100.0 457.5 非数字 1.00 0.00 0.00
99 2017_06_08 15:53:52 472 4 0 2.907 0.2 0.0100,1.0100 100000 1.86E-001 522.1 100.0 457.5 非数字 1.00 0.00 0.00
100 2017_06_08 15:53:52 501 4 0 2.912 0.4 0.0100,1.0100 100000 1.86E-001 522.1 100.0 457.5 非数字 1.00 0.00 0.00
101 2017_06_08 15:53:52 526 4 0 2.915 0.2 0.0100,1.0100 100000 1.86E-001 522.1 100.0 457.5 非数字 1.00 0.00 0.00
102 2017_06_08 15:53:52 553 4 0 2.911 0.3 0.0100,1.0100 100000 1.87E-001 522.1 100.0 457.6 非数字 1.00 0.00 0.00
103 2017_06_08 15:53:52 577 4 0 2.904 0.4 0.0100,1.0100 100000 1.86E-001 522.1 100.0 457.6 非数字 1.00 0.00 0.00
104 2017_06_08 15:53:52 601 4 0 2.911 0.3 0.0100,1.0100 100000 1.86E-001 522.1 100.0 457.6 非数字 1.00 0.00 0.00
105 2017_06_08 15:53:52 624 4 0 2.923 0.2 0.0100,1.0100 100000 1.86E-001 522.1 100.0 457.6 非数字 1.00 0.00 0.00
106 2017_06_08 15:53:52 648 4 0 2.910 0.2 0.0100,1.0100 100000 1.86E-001 522.1 100.0 457.6 非数字 1.00 0.00 0.00
107 2017_06_08 15:53:52 672 4 0 2.917 0.2 0.0100,1.0100 100000 1.86E-001 522.1 100.0 457.6 非数字 1.00 0.00 0.00
108 2017_06_08 15:53:52 696 4 0 2.905 0.4 1.0100,0.0100 100000 1.86E-001 769.0 100.0 457.6 非数字 1.00 0.00 0.00
109 2017_06_08 15:53:52 719 4 0 2.914 0.3 1.0100,0.0100 100000 1.85E-001 769.0 100.0 457.6 非数字 1.00 0.00 0.00
110 2017_06_08 15:53:52 745 4 0 2.910 0.3 1.0100,0.0100 100000 1.85E-001 769.0 100.0 457.6 非数字 1.00 0.00 0.00
111 2017_06_08 15:53:52 772 4 0 2.907 0.2 1.0100,0.0100 100000 1.84E-001 769.0 100.0 457.6 非数字 1.00 0.00 0.00
112 2017_06_08 15:53:52 797 4 0 2.924 0.3 1.0100,0.0100 100000 1.85E-001 769.0 100.0 457.6 非数字 1.00 0.00 0.00
113 2017_06_08 15:53:52 821 4 0 2.915 0.3 1.0100,0.0100 100000 1.85E-001 769.0 100.0 457.6 非数字 1.00 0.00 0.00
114 2017_06_08 15:53:52 845 4 0 2.909 0.2 1.0100,0.0100 100000 1.85E-001 769.0 100.0 457.6 非数字 1.00 0.00 0.00
115 2017_06_08 15:53:52 869 4 0 2.908 0.2 1.0100,0.0100 100000 1.85E-001 769.0 100.0 457.6 非数字 1.00 0.00 0.00
116 2017_06_08 15:53:52 894 4 0 2.914 0.3 1.0100,0.0100 100000 1.85E-001 769.0 100.0 457.6 非数字 1.00 0.00 0.00
117 2017_06_08 15:53:52 917 4 0 2.904 0.3 1.0100,0.0100 100000 1.85E-001 769.0 100.0 457.6 非数字 1.00 0.00 0.00
118 2017_06_08 15:53:52 942 4 0 2.914 0.3 1.0100,0.0100 100000 1.85E-001 769.0 100.0 457.6 非数字 1.00 0.00 0.00
119 2017_06_08 15:53:52 965 4 0 2.908 0.2 1.0100,0.0100 100000 1.85E-001 769.0 100.0 457.6 非数字 1.00 0.00 0.00
120 2017_06_08 15:53:52 990 4 0 2.910 0.2 1.0100,0.0100 100000 1.85E-001 769.0 100.0 457.6 非数字 1.00 0.00 0.00
121 2017_06_08 15:53:53 013 4 0 2.920 0.3 1.0100,0.0100 100000 1.84E-001 769.0 100.0 457.6 非数字 1.00 0.00 0.00
122 2017_06_08 15:53:53 037 4 0 2.911 0.4 1.0100,0.0100 100000 1.84E-001 769.0 100.0 457.6 非数字 1.00 0.00 0.00
123 2017_06_08 15:53:53 060 4 0 2.912 0.3 1.0100,0.0100 100000 1.85E-001 769.0 100.0 457.6 非数字 1.00 0.00 0.00
124 2017_06_08 15:53:53 083 4 0 2.912 0.2 1.0100,0.0100 100000 1.85E-001 769.0 100.0 457.6 非数字 1.00 0.00 0.00
125 2017_06_08 15:53:53 107 4 0 2.914 0.2 1.0100,0.0100 100000 1.85E-001 769.0 100.0 457.6 非数字 1.00 0.00 0.00
126 2017_06_08 15:53:53 131 4 0 2.910 0.2 1.0100,0.0100 100000 1.85E-001 769.0 100.0 457.6 非数字 1.00 0.00 0.00
127 2017_06_08 15:53:53 154 4 0 2.913 0.3 1.0100,0.0100 100000 1.84E-001 769.0 100.0 457.6 非数字 1.00 0.00 0.00
128 2017_06_08 15:53:53 179 4 0 2.918 0.3 1.0100,0.0100 100000 1.84E-001 769.0 100.0 457.6 非数字 1.00 0.00 0.00
129 2017_06_08 15:53:53 203 4 0 2.907 0.3 1.0100,0.0100 100000 1.84E-001 769.0 100.0 457.6 非数字 1.00 0.00 0.00
130 2017_06_08 15:53:53 227 4 0 2.918 0.2 1.0100,0.0100 100000 1.84E-001 769.0 100.0 457.6 非数字 1.00 0.00 0.00
131 2017_06_08 15:53:53 252 4 0 2.906 0.2 1.0100,0.0100 100000 1.84E-001 769.0 100.0 457.6 非数字 1.00 0.00 0.00
132 2017_06_08 15:53:53 276 4 0 2.920 0.4 1.0100,0.0100 100000 1.84E-001 769.0 100.0 457.6 非数字 1.00 0.00 0.00
133 2017_06_08 15:53:53 305 4 0 2.912 0.2 1.0100,0.0100 100000 1.84E-001 769.0 100.0 457.6 非数字 1.00 0.00 0.00
134 2017_06_08 15:53:53 328 4 0 2.910 0.1 1.0100,0.0100 100000 1.84E-001 769.0 100.0 457.6 非数字 1.00 0.00 0.00
135 2017_06_08 15:53:53 352 4 0 2.919 0.2 1.0100,0.0100 100000 1.84E-001 769.0 100.0 457.6 非数字 1.00 0.00 0.00
136 2017_06_08 15:53:53 375 4 0 2.914 0.3 1.0100,0.0100 100000 1.84E-001 769.0 100.0 457.6 非数字 1.00 0.00 0.00
137 2017_06_08 15:53:53 398 4 0 2.915 0.3 1.0100,0.0100 100000 1.84E-001 769.0 100.0 457.6 非数字 1.00 0.00 0.00
138 2017_06_08 15:53:53 423 4 0 2.909 0.2 1.0100,0.0100 100000 1.84E-001 769.0 100.0 457.6 非数字 1.00 0.00 0.00
139 2017_06_08 15:53:53 446 4 0 2.908 0.2 1.0100,0.0100 100000 1.84E-001 769.0 100.0 457.6 非数字 1.00 0.00 0.00
140 2017_06_08 15:53:53 470 4 0 2.907 0.2 1.0100,0.0100 100000 1.84E-001 769.0 100.0 457.6 非数字 1.00 0.00 0.00
141 2017_06_08 15:53:53 493 4 0 2.912 0.3 1.0100,0.0100 100000 1.84E-001 769.0 100.0 457.6 非数字 1.00 0.00 0.00
142 2017_06_08 15:53:53 520 4 0 2.913 0.4 1.0100,0.0100 100000 1.84E-001 769.0 100.0 457.6 非数字 1.00 0.00 0.00
143 2017_06_08 15:53:53 546 4 0 2.915 0.2 1.0100,0.0100 100000 1.84E-001 769.0 100.0 457.6 非数字 1.00 0.00 0.00
144 2017_06_08 15:53:53 573 4 0 2.927 0.2 1.0100,0.0100 100000 1.84E-001 769.0 100.0 457.6 非数字 1.00 0.00 0.00
145 2017_06_08 15:53:53 600 4 0 2.909 0.3 1.0100,0.0100 100000 1.84E-001 769.0 100.0 457.6 非数字 1.00 0.00 0.00
146 2017_06_08 15:53:53 626 4 0 2.903 0.2 1.0100,0.0100 100000 1.84E-001 769.0 100.0 457.6 非数字 1.00 0.00 0.00
147 2017_06_08 15:53:53 654 4 0 2.908 0.3 1.0100,0.0100 100000 1.84E-001 769.0 100.0 457.6 非数字 1.00 0.00 0.00
148 2017_06_08 15:53:53 678 4 0 2.912 0.4 1.0100,0.0100 100000 1.84E-001 769.0 100.0 457.6 非数字 1.00 0.00 0.00
149 2017_06_08 15:53:53 703 4 0 2.918 0.3 1.0100,0.0100 100000 1.84E-001 769.0 100.0 457.5 非数字 1.00 0.00 0.00
150 2017_06_08 15:53:53 728 4 0 2.911 0.2 1.0100,0.0100 100000 1.84E-001 769.0 100.0 457.5 非数字 1.00 0.00 0.00
151 2017_06_08 15:53:53 753 4 0 2.919 0.3 1.0100,0.0100 100000 1.84E-001 769.0 100.0 457.6 非数字 1.00 0.00 0.00
152 2017_06_08 15:53:53 777 4 0 2.921 0.4 1.0100,0.0100 100000 1.84E-001 769.0 100.0 457.5 非数字 1.00 0.00 0.00
153 2017_06_08 15:53:53 801 4 0 2.913 0.3 1.0100,0.0100 100000 1.85E-001 769.0 100.0 457.5 非数字 1.00 0.00 0.00
154 2017_06_08 15:53:53 826 4 0 2.905 0.2 1.0100,0.0100 100000 1.85E-001 769.0 100.0 457.5 非数字 1.00 0.00 0.00
155 2017_06_08 15:53:53 850 4 0 2.909 0.2 1.0100,0.0100 100000 1.85E-001 769.0 100.0 457.5 非数字 1.00 0.00 0.00
156 2017_06_08 15:53:53 875 4 0 2.917 0.3 1.0100,0.0100 100000 1.85E-001 769.0 100.0 457.6 非数字 1.00 0.00 0.00
157 2017_06_08 15:53:53 901 4 0 2.920 0.3 1.0100,0.0100 100000 1.85E-001 769.0 100.0 457.5 非数字 1.00 0.00 0.00
158 2017_06_08 15:53:53 926 4 0 2.920 0.2 1.0100,0.0100 100000 1.84E-001 769.0 100.0 457.6 非数字 1.00 0.00 0.00
159 2017_06_08 15:53:53 952 4 0 2.917 0.2 1.0100,0.0100 100000 1.84E-001 769.0 100.0 457.6 非数字 1.00 0.00 0.00
160 2017_06_08 15:53:53 980 4 0 2.910 0.4 1.0100,0.0100 100000 1.84E-001 769.0 100.0 457.6 非数字 1.00 0.00 0.00
161 2017_06_08 15:53:54 008 4 0 2.914 0.2 1.0100,0.0100 100000 1.84E-001 769.0 100.0 457.6 非数字 1.00 0.00 0.00
162 2017_06_08 15:53:54 037 4 0 2.913 0.3 1.0100,0.0100 100000 1.84E-001 769.0 100.0 457.6 非数字 1.00 0.00 0.00
163 2017_06_08 15:53:54 063 4 0 2.906 0.3 1.0100,0.0100 100000 1.84E-001 769.0 100.0 457.6 非数字 1.00 0.00 0.00
164 2017_06_08 15:53:54 086 4 0 2.906 0.2 1.0100,0.0100 100000 1.84E-001 769.0 100.0 457.6 非数字 1.00 0.00 0.00
165 2017_06_08 15:53:54 110 4 0 2.915 0.2 1.0100,0.0100 100000 1.84E-001 769.0 100.0 457.6 非数字 1.00 0.00 0.00
166 2017_06_08 15:53:54 134 4 0 2.903 0.4 1.0100,0.0100 100000 1.84E-001 769.0 100.0 457.6 非数字 1.00 0.00 0.00
167 2017_06_08 15:53:54 157 4 0 2.911 0.3 1.0100,0.0100 100000 1.84E-001 769.0 100.0 457.6 非数字 1.00 0.00 0.00
168 2017_06_08 15:53:54 181 4 0 2.919 0.3 1.0100,0.0100 100000 1.84E-001 769.0 100.0 457.6 非数字 1.00 0.00 0.00
169 2017_06_08 15:53:54 206 4 0 2.917 0.2 1.0100,0.0100 100000 1.84E-001 769.0 100.0 457.6 非数字 1.00 0.00 0.00
170 2017_06_08 15:53:54 233 4 0 2.908 0.2 1.0100,0.0100 100000 1.84E-001 769.0 100.0 456.6 非数字 1.00 0.00 0.00
171 2017_06_08 15:53:54 260 4 0 2.924 0.3 1.0100,0.0100 100000 1.84E-001 769.0 100.0 457.6 非数字 1.00 0.00 0.00
172 2017_06_08 15:53:54 286 4 0 2.917 0.2 1.0100,0.0100 100000 1.84E-001 769.0 100.0 457.6 非数字 1.00 0.00 0.00
173 2017_06_08 15:53:54 312 4 0 2.905 0.2 1.0100,0.0100 100000 1.84E-001 769.0 100.0 457.6 非数字 1.00 0.00 0.00
174 2017_06_08 15:53:54 337 4 0 2.908 0.4 1.0100,0.0100 100000 1.84E-001 769.0 100.0 457.5 非数字 1.00 0.00 0.00
175 2017_06_08 15:53:54 365 4 0 2.908 0.3 1.0100,0.0100 100000 1.84E-001 769.0 100.0 457.2 非数字 1.00 0.00 0.00
176 2017_06_08 15:53:54 390 4 0 2.907 0.2 1.0100,0.0100 100000 1.84E-001 769.0 100.0 457.3 非数字 1.00 0.00 0.00
177 2017_06_08 15:53:54 417 4 0 2.906 0.4 1.0100,0.0100 100000 1.84E-001 769.0 100.0 457.3 非数字 1.00 0.00 0.00
178 2017_06_08 15:53:54 442 4 0 2.905 0.3 1.0100,0.0100 100000 1.84E-001 769.0 100.0 457.3 非数字 1.00 0.00 0.00
179 2017_06_08 15:53:54 468 4 0 2.910 0.2 1.0100,0.0100 100000 1.84E-001 769.0 100.0 457.3 非数字 1.00 0.00 0.00
180 2017_06_08 15:53:54 495 4 0 2.915 0.3 1.0100,0.0100 100000 1.84E-001 769.0 100.0 457.4 非数字 1.00 0.00 0.00
181 2017_06_08 15:53:54 520 4 0 2.912 0.3 1.0100,0.0100 100000 1.84E-001 769.0 100.0 457.3 非数字 1.00 0.00 0.00
182 2017_06_08 15:53:54 549 4 0 2.922 0.2 1.0100,0.0100 100000 1.84E-001 769.0 100.0 457.4 非数字 1.00 0.00 0.00
183 2017_06_08 15:53:54 609 4 0 2.924 0.4 1.0100,0.0100 100000 1.84E-001 769.0 100.0 457.3 非数字 1.00 0.00 0.00
184 2017_06_08 15:53:54 633 4 0 2.925 0.3 1.0100,0.0100 100000 1.84E-001 769.0 100.0 457.3 非数字 1.00 0.00 0.00
185 2017_06_08 15:53:54 657 4 0 2.905 0.3 1.0100,0.0100 100000 1.84E-001 769.0 100.0 457.3 非数字 1.00 0.00 0.00
186 2017_06_08 15:53:54 680 4 0 2.908 0.3 1.0100,0.0100 100000 1.84E-001 769.0 100.0 457.6 非数字 1.00 0.00 0.00
187 2017_06_08 15:53:54 704 4 0 2.903 0.2 1.0100,0.0100 100000 1.84E-001 769.0 100.0 457.6 非数字 1.00 0.00 0.00
188 2017_06_08 15:53:54 726 4 0 2.912 0.2 1.0100,0.0100 100000 1.85E-001 769.0 100.0 457.6 非数字 1.00 0.00 0.00
189 2017_06_08 15:53:54 750 4 0 2.911 0.3 1.0100,0.0100 100000 1.85E-001 769.0 100.0 457.6 非数字 1.00 0.00 0.00
190 2017_06_08 15:53:54 774 4 0 2.907 0.3 1.0100,0.0100 100000 1.84E-001 769.0 100.0 457.5 非数字 1.00 0.00 0.00
191 2017_06_08 15:53:54 797 4 0 2.914 0.4 1.0100,0.0100 100000 1.84E-001 769.0 100.0 457.5 非数字 1.00 0.00 0.00
192 2017_06_08 15:53:54 821 4 0 2.921 0.3 1.0100,0.0100 100000 1.85E-001 769.0 100.0 457.5 非数字 1.00 0.00 0.00
193 2017_06_08 15:53:54 847 4 0 2.910 0.2 1.0100,0.0100 100000 1.84E-001 769.0 100.0 457.5 非数字 1.00 0.00 0.00
194 2017_06_08 15:53:54 871 4 0 2.911 0.3 1.0100,0.0100 100000 1.84E-001 769.0 100.0 457.5 非数字 1.00 0.00 0.00
195 2017_06_08 15:53:54 896 4 0 2.930 0.4 1.0100,0.0100 100000 1.84E-001 769.0 100.0 457.5 非数字 1.00 0.00 0.00
196 2017_06_08 15:53:54 922 4 0 2.917 0.3 1.0100,0.0100 100000 1.84E-001 769.0 100.0 457.5 非数字 1.00 0.00 0.00
197 2017_06_08 15:53:54 947 4 0 2.905 0.2 1.0100,0.0100 100000 1.84E-001 769.0 100.0 457.5 非数字 1.00 0.00 0.00
198 2017_06_08 15:53:54 971 4 0 2.908 0.3 1.0100,0.0100 100000 1.84E-001 769.0 100.0 457.5 非数字 1.00 0.00 0.00
199 2017_06_08 15:53:54 995 4 0 2.906 0.4 1.0100,0.0100 100000 1.84E-001 769.0 100.0 457.5 非数字 1.00 0.00 0.00
200 2017_06_08 15:53:55 018 4 0 2.910 0.3 1.0100,0.0100 100000 1.84E-001 769.0 100.0 457.5 非数字 1.00 0.00 0.00
201 2017_06_08 15:53:55 043 4 0 2.911 0.3 1.0100,0.0100 100000 1.84E-001 769.0 100.0 457.5 非数字 1.00 0.00 0.00
202 2017_06_08 15:53:55 067 4 0 2.907 0.2 1.0100,0.0100 100000 1.84E-001 769.0 100.0 457.5 非数字 1.00 0.00 0.00
203 2017_06_08 15:53:55 090 4 0 2.907 0.3 1.0100,0.0100 100000 1.84E-001 769.0 100.0 457.5 非数字 1.00 0.00 0.00
204 2017_06_08 15:53:55 115 4 0 2.903 0.4 1.0100,0.0100 100000 1.84E-001 769.0 100.0 457.5 非数字 1.00 0.00 0.00
205 2017_06_08 15:53:55 139 4 0 2.914 0.3 1.0100,0.0100 100000 1.84E-001 769.0 100.0 457.5 非数字 1.00 0.00 0.00
206 2017_06_08 15:53:55 165 4 0 2.910 0.2 1.0100,0.0100 100000 1.84E-001 769.0 100.0 457.5 非数字 1.00 0.00 0.00
207 2017_06_08 15:53:55 190 4 0 2.908 0.2 1.0100,0.0100 100000 1.85E-001 769.0 100.0 457.5 非数字 1.00 0.00 0.00
208 2017_06_08 15:53:55 213 4 0 2.907 0.4 1.0100,0.0100 100000 1.85E-001 769.0 100.0 457.5 非数字 1.00 0.00 0.00
209 2017_06_08 15:53:55 237 4 0 2.914 0.4 1.0100,0.0100 100000 1.85E-001 769.0 100.0 457.5 非数字 1.00 0.00 0.00
210 2017_06_08 15:53:55 262 4 0 2.916 0.2 1.0100,0.0100 100000 1.85E-001 769.0 100.0 457.5 非数字 1.00 0.00 0.00
211 2017_06_08 15:53:55 289 4 0 2.917 0.2 1.0100,0.0100 100000 1.84E-001 769.0 100.0 457.5 非数字 1.00 0.00 0.00
212 2017_06_08 15:53:55 314 4 0 2.908 0.3 1.0100,0.0100 100000 1.85E-001 769.0 100.0 457.5 非数字 1.00 0.00 0.00
213 2017_06_08 15:53:55 338 4 0 2.913 0.3 1.0100,0.0100 100000 1.85E-001 769.0 100.0 457.5 非数字 1.00 0.00 0.00
214 2017_06_08 15:53:55 363 4 0 2.907 0.2 1.0100,0.0100 100000 1.85E-001 769.0 100.0 457.5 非数字 1.00 0.00 0.00
215 2017_06_08 15:53:55 388 4 0 2.910 0.2 1.0100,0.0100 100000 1.85E-001 769.0 100.0 457.5 非数字 1.00 0.00 0.00
216 2017_06_08 15:53:55 416 4 0 2.920 0.3 1.0100,0.0100 100000 1.85E-001 769.0 100.0 457.5 非数字 1.00 0.00 0.00
217 2017_06_08 15:53:55 442 4 0 2.910 0.3 1.0100,0.0100 100000 1.85E-001 769.0 100.0 457.5 非数字 1.00 0.00 0.00
218 2017_06_08 15:53:55 469 4 0 2.909 0.2 1.0100,0.0100 100000 1.85E-001 769.0 100.0 457.5 非数字 1.00 0.00 0.00
219 2017_06_08 15:53:55 495 4 0 2.908 0.4 1.0100,0.0100 100000 1.85E-001 769.0 100.0 457.5 非数字 1.00 0.00 0.00
220 2017_06_08 15:53:55 522 4 0 2.915 0.3 1.0100,0.0100 100000 1.85E-001 769.0 100.0 457.5 非数字 1.00 0.00 0.00
221 2017_06_08 15:53:55 549 4 0 2.911 0.2 1.0100,0.0100 100000 1.85E-001 769.0 100.0 457.5 非数字 1.00 0.00 0.00
222 2017_06_08 15:53:55 576 4 0 2.919 0.3 1.0100,0.0100 100000 1.85E-001 769.0 100.0 457.5 非数字 1.00 0.00 0.00
223 2017_06_08 15:53:55 607 4 0 2.910 0.3 1.0100,0.0100 100000 1.85E-001 769.0 100.0 457.5 非数字 1.00 0.00 0.00
224 2017_06_08 15:53:55 634 4 0 2.910 0.3 1.0100,0.0100 100000 1.85E-001 769.0 100.0 457.5 非数字 1.00 0.00 0.00
225 2017_06_08 15:53:55 661 4 0 2.910 0.3 1.0100,0.0100 100000 1.85E-001 769.0 100.0 457.5 非数字 1.00 0.00 0.00
226 2017_06_08 15:53:55 688 4 0 2.908 0.2 1.0100,0.0100 100000 1.85E-001 769.0 100.0 457.5 非数字 1.00 0.00 0.00
227 2017_06_08 15:53:55 713 4 0 2.909 0.3 1.0100,0.0100 100000 1.85E-001 769.0 100.0 457.5 非数字 1.00 0.00 0.00
228 2017_06_08 15:53:55 738 4 0 2.918 0.4 1.0100,0.0100 100000 1.85E-001 769.0 100.0 457.5 非数字 1.00 0.00 0.00
229 2017_06_08 15:53:55 760 4 0 2.904 0.3 1.0100,0.0100 100000 1.85E-001 769.0 100.0 457.5 非数字 1.00 0.00 0.00
230 2017_06_08 15:53:55 784 4 0 2.909 0.2 1.0100,0.0100 100000 1.85E-001 769.0 100.0 457.5 非数字 1.00 0.00 0.00
231 2017_06_08 15:53:55 808 4 0 2.904 0.2 1.0100,0.0100 100000 1.85E-001 769.0 100.0 457.5 非数字 1.00 0.00 0.00
232 2017_06_08 15:53:55 832 4 0 2.914 0.3 1.0100,0.0100 100000 1.85E-001 769.0 100.0 457.5 非数字 1.00 0.00 0.00
233 2017_06_08 15:53:55 857 4 0 2.905 0.4 1.0100,0.0100 100000 1.85E-001 769.0 100.0 457.5 非数字 1.00 0.00 0.00
234 2017_06_08 15:53:55 882 4 0 2.913 0.3 1.0100,0.0100 100000 1.85E-001 769.0 100.0 457.5 非数字 1.00 0.00 0.00
235 2017_06_08 15:53:55 905 4 0 2.919 0.2 1.0100,0.0100 100000 1.85E-001 769.0 100.0 457.5 非数字 1.00 0.00 0.00
236 2017_06_08 15:53:55 930 4 0 2.907 0.2 1.0100,0.0100 100000 1.85E-001 769.0 100.0 457.5 非数字 1.00 0.00 0.00
237 2017_06_08 15:53:55 955 4 0 2.910 0.4 1.0100,0.0100 100000 1.85E-001 769.0 100.0 457.5 非数字 1.00 0.00 0.00
238 2017_06_08 15:53:55 980 4 0 2.907 0.3 1.0100,0.0100 100000 1.85E-001 769.0 100.0 457.5 非数字 1.00 0.00 0.00
239 2017_06_08 15:53:56 008 4 0 2.908 0.2 1.0100,0.0100 100000 1.86E-001 769.0 100.0 457.5 非数字 1.00 0.00 0.00
240 2017_06_08 15:53:56 036 4 0 2.903 0.3 1.0100,0.0100 100000 1.85E-001 769.0 100.0 457.5 非数字 1.00 0.00 0.00
241 2017_06_08 15:53:56 063 4 0 2.916 0.3 1.0100,0.0100 100000 1.85E-001 769.0 100.0 458.2 非数字 1.00 0.00 0.00
242 2017_06_08 15:53:56 091 4 0 2.917 0.2 1.0100,0.0100 100000 1.85E-001 769.0 100.0 458.1 非数字 1.00 0.00 0.00
243 2017_06_08 15:53:56 120 4 0 2.911 0.4 1.0100,0.0100 100000 1.85E-001 769.0 100.0 458.1 非数字 1.00 0.00 0.00
244 2017_06_08 15:53:56 146 4 0 2.915 0.2 1.0100,0.0100 100000 1.85E-001 769.0 100.0 458.0 非数字 1.00 0.00 0.00
245 2017_06_08 15:53:56 176 4 0 2.910 0.4 1.0100,0.0100 100000 1.85E-001 769.0 100.0 458.0 非数字 1.00 0.00 0.00
246 2017_06_08 15:53:56 199 4 0 2.913 0.3 1.0100,0.0100 100000 1.85E-001 769.0 100.0 457.9 非数字 1.00 0.00 0.00
247 2017_06_08 15:53:56 222 4 0 2.922 0.2 1.0100,0.0100 100000 1.86E-001 769.0 100.0 457.9 非数字 1.00 0.00 0.00
248 2017_06_08 15:53:56 246 4 0 2.910 0.2 1.0100,0.0100 100000 1.85E-001 769.0 100.0 457.9 非数字 1.00 0.00 0.00
249 2017_06_08 15:53:56 270 4 0 2.916 0.3 1.0100,0.0100 100000 1.85E-001 769.0 100.0 458.0 非数字 1.00 0.00 0.00
250 2017_06_08 15:53:56 293 4 0 2.917 0.4 1.0100,0.0100 100000 1.86E-001 769.0 100.0 458.0 非数字 1.00 0.00 0.00
251 2017_06_08 15:53:56 317 4 0 2.913 0.3 1.0100,0.0100 100000 1.85E-001 769.0 100.0 458.0 非数字 1.00 0.00 0.00
252 2017_06_08 15:53:56 341 4 0 2.922 0.2 1.0100,0.0100 100000 1.86E-001 769.0 100.0 458.0 非数字 1.00 0.00 0.00
253 2017_06_08 15:53:56 365 4 0 2.908 0.2 1.0100,0.0100 100000 1.86E-001 769.0 100.0 457.9 非数字 1.00 0.00 0.00
254 2017_06_08 15:53:56 389 4 0 2.912 0.3 1.0100,0.0100 100000 1.86E-001 769.0 100.0 458.0 非数字 1.00 0.00 0.00
255 2017_06_08 15:53:56 413 4 0 2.909 0.3 1.0100,0.0100 100000 1.85E-001 769.0 100.0 458.0 非数字 1.00 0.00 0.00
256 2017_06_08 15:53:56 438 4 0 2.908 0.4 1.0100,0.0100 100000 1.85E-001 769.0 100.0 457.9 非数字 1.00 0.00 0.00
257 2017_06_08 15:53:56 464 4 0 2.912 0.2 1.0100,0.0100 100000 1.85E-001 769.0 100.0 457.9 非数字 1.00 0.00 0.00
258 2017_06_08 15:53:56 489 4 0 2.927 0.2 1.0100,0.0100 100000 1.85E-001 769.0 100.0 457.9 非数字 1.00 0.00 0.00
259 2017_06_08 15:53:56 513 4 0 2.912 0.3 1.0100,0.0100 100000 1.85E-001 769.0 100.0 457.9 非数字 1.00 0.00 0.00
260 2017_06_08 15:53:56 538 4 0 2.909 0.4 1.0100,0.0100 100000 1.85E-001 769.0 100.0 457.8 非数字 1.00 0.00 0.00
261 2017_06_08 15:53:56 563 4 0 2.904 0.2 1.0100,0.0100 100000 1.86E-001 769.0 100.0 457.8 非数字 1.00 0.00 0.00
262 2017_06_08 15:53:56 588 4 0 2.908 0.2 1.0100,0.0100 100000 1.86E-001 769.0 100.0 458.4 非数字 1.00 0.00 0.00
263 2017_06_08 15:53:56 616 4 0 2.908 0.3 1.0100,0.0100 100000 1.86E-001 769.0 100.0 457.9 非数字 1.00 0.00 0.00
264 2017_06_08 15:53:56 645 4 0 2.912 0.3 1.0100,0.0100 100000 1.86E-001 769.0 100.0 457.9 非数字 1.00 0.00 0.00
265 2017_06_08 15:53:56 673 4 0 2.916 0.2 1.0100,0.0100 100000 1.86E-001 769.0 100.0 457.9 非数字 1.00 0.00 0.00
266 2017_06_08 15:53:56 706 4 0 2.911 0.2 1.0100,0.0100 100000 1.86E-001 769.0 100.0 457.9 非数字 1.00 0.00 0.00
267 2017_06_08 15:53:56 732 4 0 2.909 0.2 1.0100,0.0100 100000 1.86E-001 769.0 100.0 457.9 非数字 1.00 0.00 0.00
268 2017_06_08 15:53:56 756 4 0 2.907 0.3 1.0100,0.0100 100000 1.86E-001 769.0 100.0 457.9 非数字 1.00 0.00 0.00
269 2017_06_08 15:53:56 780 4 0 2.913 0.3 1.0100,0.0100 100000 1.86E-001 769.0 100.0 457.8 非数字 1.00 0.00 0.00
270 2017_06_08 15:53:56 806 4 0 2.910 0.2 1.0100,0.0100 100000 1.86E-001 769.0 100.0 457.8 非数字 1.00 0.00 0.00
271 2017_06_08 15:53:56 828 4 0 2.906 0.3 1.0100,0.0100 100000 1.86E-001 769.0 100.0 457.8 非数字 1.00 0.00 0.00
272 2017_06_08 15:53:56 852 4 0 2.911 0.3 1.0100,0.0100 100000 1.86E-001 769.0 100.0 457.9 非数字 1.00 0.00 0.00
273 2017_06_08 15:53:56 876 4 0 2.918 0.3 1.0100,0.0100 100000 1.86E-001 769.0 100.0 457.8 非数字 1.00 0.00 0.00
274 2017_06_08 15:53:56 901 4 0 2.907 0.3 0.0100,1.0100 100000 1.86E-001 522.1 100.0 457.8 非数字 1.00 0.00 0.00
275 2017_06_08 15:53:56 925 4 0 2.914 0.2 0.0100,1.0100 100000 1.86E-001 522.1 100.0 457.8 非数字 1.00 0.00 0.00
276 2017_06_08 15:53:56 948 4 0 2.918 0.2 0.0100,1.0100 100000 1.86E-001 522.1 100.0 457.8 非数字 1.00 0.00 0.00
277 2017_06_08 15:53:56 976 4 0 2.917 0.3 0.0100,1.0100 100000 1.86E-001 522.1 100.0 457.8 非数字 1.00 0.00 0.00
278 2017_06_08 15:53:57 004 4 0 2.914 0.3 0.0100,1.0100 100000 1.86E-001 522.1 100.0 457.8 非数字 1.00 0.00 0.00
279 2017_06_08 15:53:57 032 4 0 2.908 0.2 0.0100,1.0100 100000 1.86E-001 522.1 100.0 457.8 非数字 1.00 0.00 0.00
280 2017_06_08 15:53:57 061 4 0 2.910 0.3 0.0100,1.0100 100000 1.86E-001 522.1 100.0 457.8 非数字 1.00 0.00 0.00
281 2017_06_08 15:53:57 088 4 0 2.910 0.2 0.0100,1.0100 100000 1.86E-001 522.1 100.0 457.8 非数字 1.00 0.00 0.00
282 2017_06_08 15:53:57 117 4 0 2.903 0.3 0.0100,1.0100 100000 1.86E-001 522.1 100.0 457.8 非数字 1.00 0.00 0.00
283 2017_06_08 15:53:57 145 4 0 2.920 0.2 0.0100,1.0100 100000 1.86E-001 522.1 100.0 457.8 非数字 1.00 0.00 0.00
284 2017_06_08 15:53:57 173 4 0 2.911 0.2 0.0100,1.0100 100000 1.86E-001 522.1 100.0 457.8 非数字 1.00 0.00 0.00
285 2017_06_08 15:53:57 203 4 0 2.908 0.3 0.0100,1.0100 100000 1.86E-001 522.1 100.0 457.8 非数字 1.00 0.00 0.00
286 2017_06_08 15:53:57 230 4 0 2.924 0.2 0.0100,1.0100 100000 1.86E-001 522.1 100.0 457.8 非数字 1.00 0.00 0.00
287 2017_06_08 15:53:57 257 4 0 2.910 0.4 1.0100,0.0100 100000 1.86E-001 769.0 100.0 457.8 非数字 1.00 0.00 0.00
288 2017_06_08 15:53:57 287 4 0 2.912 0.2 0.0100,1.0100 100000 1.86E-001 522.1 100.0 457.8 非数字 1.00 0.00 0.00
289 2017_06_08 15:53:57 315 4 0 2.917 0.3 0.0100,1.0100 100000 1.86E-001 522.1 100.0 457.8 非数字 1.00 0.00 0.00
290 2017_06_08 15:53:57 341 4 0 2.915 0.3 0.0100,1.0100 100000 1.86E-001 522.1 100.0 457.8 非数字 1.00 0.00 0.00
291 2017_06_08 15:53:57 366 4 0 2.910 0.2 0.0100,1.0100 100000 1.86E-001 522.1 100.0 457.8 非数字 1.00 0.00 0.00
292 2017_06_08 15:53:57 389 4 0 2.909 0.2 0.0100,1.0100 100000 1.86E-001 522.1 100.0 457.8 非数字 1.00 0.00 0.00
293 2017_06_08 15:53:57 412 4 0 2.910 0.3 0.0100,1.0100 100000 1.86E-001 522.1 100.0 457.8 非数字 1.00 0.00 0.00
294 2017_06_08 15:53:57 435 4 0 2.923 0.3 0.0100,1.0100 100000 1.86E-001 522.1 100.0 457.8 非数字 1.00 0.00 0.00
295 2017_06_08 15:53:57 459 4 0 2.920 0.3 0.0100,1.0100 100000 1.86E-001 522.1 100.0 457.8 非数字 1.00 0.00 0.00
296 2017_06_08 15:53:57 483 4 0 2.910 0.2 0.0100,1.0100 100000 1.86E-001 522.1 100.0 457.7 非数字 1.00 0.00 0.00
