 0.67087
 0.67819
 0.68557
 2.00000
 2.00000
 2.00000
 2.00000
 2.00000
 2.00000
 2.00000
 2.00000
 2.00000
 2.00000
 2.00000
 2.00000
 2.00000
 2.00000
 2.00000
 2.00000
 2.00000
 2.00000
 2.00000
 2.00000
 1.24362
 0.93362
 0.73041
 0.54993
 0.48276
 0.42154
 0.40765
 0.42459
 0.47987
 0.46558
 0.49769
 0.49237
 0.46320
 0.55806
 0.54267
 0.50497
 0.51305
 0.49595
 0.54637
 0.64282
 0.65880
 0.62895
 0.58133
 0.55562
 0.51647
 0.46129
 0.41631
 0.38204
 0.37897
 0.39305
 0.40679
 0.41529
 0.43721
 0.41025
 0.38440
 0.40509
 0.40030
 0.37279
 0.34846
 0.32683
 0.34564
 0.33957
 0.33590
 0.33790
 0.32259
 0.32744
 0.34572
 0.32441
 0.33403
 0.32099
 0.30643
 0.31026
 0.30678
 0.28617
 0.28017
 0.27661
 0.27180
 0.26417
 0.25979
 0.25528
 0.25593
 0.26659
 0.25810
 0.26915
 0.26505
 0.27155
 0.27237
 0.27526
 0.26597
 0.27545
 0.25246
 0.24316
 0.23989
 0.24177
 0.22720
 0.22398
 0.21639
 0.21614
 0.21633
 0.21331
 0.20431
 0.20712
 0.20117
 0.19484
 0.19561
 0.19100
 0.18809
 0.18538
 0.18041
 0.17883
 0.17629
 0.16953
 0.16895
 0.16370
 0.16202
 0.16522
 0.16349
 0.16452
 0.16194
 0.15918
 0.15970
 0.15394
 0.14757
 0.14638
 0.14418
 0.14376
 0.14393
 0.13905
 0.14108
 0.14018
 0.13856
 0.13357
 0.13114
 0.12835
 0.12741
 0.12380
 0.12133
 0.11892
 0.11820
 0.11753
 0.11639
 0.11591
 0.11439
 0.11389
 0.11223
 0.11173
 0.11056
 0.10826
 0.10617
 0.10540
 0.10375
 0.10250
 0.10123
 0.09889
 0.09806
 0.09764
 0.09598
 0.09524
 0.09574
 0.09479
 0.09453
 0.09402
 0.09342
 0.09310
 0.09245
 0.09100
 0.09047
 0.09053
 0.09050
 0.08922
 0.08907
 0.08870
 0.08761
 0.08738
 0.08621
 0.08494
 0.08473
 0.08351
 0.08191
 0.08123
 0.08043
 0.08008
 0.07920
 0.07849
 0.07778
 0.07755
 0.07666
 0.07481
 0.07395
 0.07290
 0.07158
 0.07097
 0.07010
 0.06956
 0.06919
 0.06808
 0.06717
 0.06637
 0.06487
 0.06391
 0.06262
 0.06192
 0.06099
 0.06032
 0.05969
 0.05964
 0.05872
 0.05825
 0.05743
 0.05731
 0.05711
 0.05682
 0.05652
 0.05680
 0.05677
 0.05684
 0.05638
 0.05633
 0.05609
 0.05609
 0.05607
 0.05627
 0.05639
 0.05643
 0.05637
 0.05626
 0.05601
 0.05604
 0.05590
 0.05599
 0.05590
 0.05587
 0.05612
 0.05613
 0.05606
 0.05561
 0.05542
 0.05538
 0.05487
 0.05452
 0.05409
 0.05356
 0.05328
 0.05271
 0.05237
 0.05213
 0.05155
 0.05106
 0.05057
 0.05042
 0.05005
 0.04961
 0.04922
 0.04901
 0.04866
 0.04817
 0.04759
 0.04714
 0.04660
 0.04611
 0.04562
 0.04505
 0.04436
 0.04389
 0.04331
 0.04284
 0.04236
 0.04168
 0.04144
 0.04149
 0.04111
 0.04086
 0.04062
 0.04036
 0.04015
 0.03996
 0.03952
 0.03954
 0.03941
 0.03926
 0.03928
 0.03946
 0.03940
 0.03942
 0.03928
 0.03925
 0.03919
 0.03926
 0.03922
 0.03929
 0.03946
 0.03973
 0.04002
 0.04030
 0.04042
 0.04059
 0.04074
 0.04094
 0.04108
 0.04109
 0.04123
 0.04128
 0.04151
 0.04156
 0.04168
 0.04161
 0.04164
 0.04185
 0.04198
 0.04183
 0.04191
 0.04195
 0.04197
 0.04201
 0.04171
 0.04167
 0.04168
 0.04163
 0.04147
 0.04130
 0.04123
 0.04125
 0.04094
 0.04067
 0.04047
 0.04014
 0.03986
 0.03955
 0.03934
 0.03903
 0.03874
 0.03831
 0.03780
 0.03746
 0.03704
 0.03636
 0.03592
 0.03555
 0.03528
 0.03503
 0.03463
 0.03425
 0.03396
 0.03353
 0.03314
 0.03257
 0.03220
 0.03187
 0.03147
 0.03110
 0.03082
 0.03039
 0.03021
 0.02994
 0.02957
 0.02920
 0.02893
 0.02862
 0.02838
 0.02805
 0.02776
 0.02752
 0.02731
 0.02699
 0.02694
 0.02687
 0.02671
 0.02643
 0.02628
 0.02616
 0.02611
 0.02585
 0.02562
 0.02546
 0.02542
 0.02533
 0.02529
 0.02526
 0.02519
 0.02520
 0.02523
 0.02529
 0.02525
 0.02518
 0.02518
 0.02518
 0.02512
 0.02511
 0.02499
 0.02492
 0.02492
 0.02485
 0.02488
 0.02484
 0.02481
 0.02487
 0.02484
 0.02478
 0.02481
 0.02475
 0.02472
 0.02468
 0.02452
 0.02448
 0.02449
 0.02438
 0.02433
 0.02430
 0.02420
 0.02424
 0.02419
 0.02411
 0.02405
 0.02396
 0.02387
 0.02380
 0.02369
 0.02355
 0.02343
 0.02331
 0.02318
 0.02304
 0.02298
 0.02287
 0.02281
 0.02276
 0.02263
 0.02256
 0.02246
 0.02227
 0.02219
 0.02208
 0.02198
 0.02190
 0.02176
 0.02165
 0.02158
 0.02141
 0.02128
 0.02116
 0.02104
 0.02095
 0.02087
 0.02080
 0.02074
 0.02065
 0.02058
 0.02048
 0.02039
 0.02032
 0.02021
 0.02017
 0.02012
 0.02004
 0.01999
 0.01996
 0.01992
 0.01986
 0.01979
 0.01971
 0.01967
 0.01960
 0.01954
 0.01952
 0.01953
 0.01949
 0.01947
 0.01948
 0.01951
 0.01952
 0.01950
 0.01947
 0.01949
 0.01953
 0.01956
 0.01959
 0.01961
 0.01965
 0.01967
 0.01968
 0.01973
 0.01975
 0.01977
 0.01979
 0.01977
 0.01987
 0.01997
 0.02001
 0.02007
 0.02014
 0.02019
 0.02033
 0.02039
 0.02045
 0.02047
 0.02052
 0.02058
 0.02064
 0.02062
 0.02059
 0.02062
 0.02070
 0.02077
 0.02081
 0.02084
 0.02090
 0.02097
 0.02100
 0.02098
 0.02097
 0.02095
 0.02094
 0.02096
 0.02095
 0.02096
 0.02098
 0.02099
 0.02102
 0.02107
 0.02110
 0.02114
 0.02120
 0.02122
 0.02126
 0.02123
 0.02120
 0.02118
 0.02118
 0.02111
 0.02112
 0.02108
 0.02108
 0.02105
 0.02103
 0.02097
 0.02096
 0.02087
 0.02084
 0.02084
 0.02082
 0.02079
 0.02077
 0.02078
 0.02080
 0.02077
 0.02075
 0.02071
 0.02065
 0.02064
 0.02055
 0.02046
 0.02048
 0.02038
 0.02036
 0.02039
 0.02034
 0.02033
 0.02030
 0.02022
 0.02023
 0.02021
 0.02017
 0.02014
 0.02015
 0.02014
 0.02016
 0.02014
 0.02015
 0.02012
 0.02012
 0.02007
 0.02009
 0.02006
 0.02008
 0.02008
 0.02010
 0.02012
 0.02017
 0.02023
 0.02028
 0.02026
 0.02029
 0.02030
 0.02037
 0.02039
 0.02040
 0.02043
 0.02055
 0.02056
 0.02061
 0.02064
 0.02071
 0.02077
 0.02084
 0.02090
 0.02099
 0.02107
 0.02111
 0.02116
 0.02125
 0.02128
 0.02133
 0.02139
 0.02149
 0.02161
 0.02171
 0.02176
 0.02189
 0.02198
 0.02208
 0.02213
 0.02219
 0.02227
 0.02234
 0.02239
 0.02244
 0.02254
 0.02259
 0.02269
 0.02277
 0.02285
 0.02295
 0.02305
 0.02315
 0.02325
 0.02329
 0.02334
 0.02342
 0.02348
 0.02351
 0.02355
 0.02363
 0.02370
 0.02379
 0.02388
 0.02393
 0.02406
 0.02413
 0.02424
 0.02431
 0.02439
 0.02440
 0.02446
 0.02449
 0.02456
 0.02457
 0.02464
 0.02465
 0.02472
 0.02472
 0.02475
 0.02475
 0.02482
 0.02484
 0.02490
 0.02492
 0.02501
 0.02506
 0.02513
 0.02509
 0.02510
 0.02515
 0.02520
 0.02521
 0.02521
 0.02517
 0.02520
 0.02526
 0.02522
 0.02524
 0.02529
 0.02526
 0.02532
 0.02537
 0.02537
 0.02540
 0.02544
 0.02542
 0.02547
 0.02556
 0.02559
 0.02566
 0.02568
 0.02571
 0.02574
 0.02581
 0.02573
 0.02573
 0.02566
 0.02575
 0.02579
 0.02584
 0.02593
 0.02603
 0.02603
 0.02608
 0.02611
 0.02612
 0.02616
 0.02616
 0.02616
 0.02626
 0.02635
 0.02645
 0.02648
 0.02653
 0.02654
 0.02658
 0.02666
 0.02668
 0.02664
 0.02679
 0.02680
 0.02693
 0.02698
 0.02701
 0.02706
 0.02723
 0.02730
 0.02741
 0.02747
 0.02755
 0.02764
 0.02777
 0.02782
 0.02780
 0.02792
 0.02803
 0.02813
 0.02823
 0.02832
 0.02838
 0.02859
 0.02871
 0.02876
 0.02891
 0.02897
 0.02915
 0.02931
 0.02938
 0.02947
 0.02964
 0.02983
 0.02998
 0.03009
 0.03017
 0.03035
 0.03044
 0.03055
 0.03064
 0.03081
 0.03090
 0.03107
 0.03117
 0.03132
 0.03145
 0.03156
 0.03173
 0.03191
 0.03203
 0.03216
 0.03234
 0.03248
 0.03267
 0.03277
 0.03292
 0.03305
 0.03320
 0.03335
 0.03349
 0.03360
 0.03367
 0.03368
 0.03374
 0.03381
 0.03388
 0.03392
 0.03406
 0.03420
 0.03442
 0.03460
 0.03471
 0.03495
 0.03502
 0.03505
 0.03525
 0.03534
 0.03546
 0.03562
 0.03559
 0.03578
 0.03585
 0.03590
 0.03593
 0.03597
 0.03609
 0.03618
 0.03630
 0.03642
 0.03655
 0.03658
 0.03668
 0.03673
 0.03684
 0.03690
 0.03695
 0.03697
 0.03712
 0.03724
 0.03731
 0.03731
 0.03740
 0.03756
 0.03756
 0.03768
 0.03768
 0.03772
 0.03780
 0.03778
 0.03777
 0.03786
 0.03791
 0.03802
 0.03805
 0.03816
 0.03830
 0.03837
 0.03849
 0.03844
 0.03845
 0.03850
 0.03847
 0.03846
 0.03851
 0.03852
 0.03859
 0.03858
 0.03862
 0.03870
 0.03875
 0.03881
 0.03883
 0.03889
 0.03902
 0.03903
 0.03907
 0.03918
 0.03920
 0.03924
 0.03929
 0.03935
 0.03938
 0.03950
 0.03951
 0.03958
 0.03964
 0.03973
 0.03986
 0.04001
 0.04009
 0.04012
 0.04022
 0.04024
 0.04031
 0.04032
 0.04036
 0.04038
 0.04053
 0.04058
 0.04074
 0.04083
 0.04090
 0.04101
 0.04119
 0.04133
 0.04146
 0.04159
 0.04167
 0.04178
 0.04197
 0.04197
 0.04203
 0.04215
 0.04229
 0.04247
 0.04261
 0.04277
 0.04300
 0.04318
 0.04342
 0.04360
 0.04377
 0.04397
 0.04415
 0.04441
 0.04470
 0.04488
 0.04500
 0.04519
 0.04549
 0.04562
 0.04581
 0.04595
 0.04613
 0.04640
 0.04669
 0.04683
 0.04717
 0.04736
 0.04765
 0.04784
 0.04815
 0.04835
 0.04858
 0.04883
 0.04910
 0.04925
 0.04950
 0.04966
 0.04989
 0.05023
 0.05056
 0.05082
 0.05118
 0.05148
 0.05182
 0.05220
 0.05242
 0.05256
 0.05279
 0.05310
 0.05346
 0.05365
 0.05396
 0.05422
 0.05456
 0.05475
 0.05501
 0.05525
 0.05561
 0.05579
 0.05601
 0.05632
 0.05670
 0.05691
 0.05718
 0.05743
 0.05773
 0.05809
 0.05823
 0.05845
 0.05874
 0.05891
 0.05917
 0.05940
 0.05964
 0.05992
 0.06021
 0.06051
 0.06085
 0.06105
 0.06139
 0.06157
 0.06192
 0.06217
 0.06256
 0.06283
 0.06312
 0.06333
 0.06372
 0.06390
 0.06424
 0.06424
 0.06447
 0.06463
 0.06486
 0.06519
 0.06541
 0.06562
 0.06596
 0.06609
 0.06636
 0.06661
 0.06656
 0.06680
 0.06683
 0.06705
 0.06742
 0.06768
 0.06788
 0.06818
 0.06844
 0.06889
 0.06901
 0.06923
 0.06956
 0.06971
 0.06987
 0.06998
 0.07006
 0.07018
 0.07031
 0.07047
 0.07079
 0.07120
 0.07149
 0.07178
 0.07196
 0.07198
 0.07212
 0.07207
 0.07203
 0.07218
 0.07229
 0.07256
 0.07287
 0.07297
 0.07315
 0.07346
 0.07352
 0.07360
 0.07382
 0.07391
 0.07409
 0.07443
 0.07442
 0.07474
 0.07496
 0.07499
 0.07517
 0.07537
 0.07535
 0.07559
 0.07567
 0.07579
 0.07605
 0.07620
 0.07631
 0.07652
 0.07653
 0.07660
 0.07678
 0.07686
 0.07699
 0.07703
 0.07731
 0.07756
 0.07762
 0.07782
 0.07810
 0.07830
 0.07860
 0.07864
 0.07884
 0.07915
 0.07916
 0.07932
 0.07957
 0.07967
 0.07984
 0.07986
 0.07988
 0.08010
 0.08008
 0.07992
 0.08015
 0.08031
 0.08059
 0.08077
 0.08081
 0.08104
 0.08138
 0.08144
 0.08152
 0.08164
 0.08190
 0.08217
 0.08225
 0.08248
 0.08271
 0.08311
 0.08325
 0.08366
 0.08388
 0.08414
 0.08429
 0.08463
 0.08460
 0.08492
 0.08485
 0.08498
 0.08515
 0.08531
 0.08535
 0.08575
 0.08598
 0.08631
 0.08660
 0.08699
 0.08734
 0.08772
 0.08773
 0.08800
 0.08828
 0.08850
 0.08861
 0.08898
 0.08929
 0.08967
 0.08993
 0.09039
 0.09073
 0.09133
 0.09146
 0.09175
 0.09221
 0.09272
 0.09291
 0.09355
 0.09375
 0.09439
 0.09464
 0.09491
 0.09521
 0.09576
 0.09599
 0.09637
 0.09660
 0.09717
 0.09771
 0.09819
 0.09839
 0.09907
 0.09967
 0.10036
 0.10085
 0.10127
 0.10163
 0.10219
 0.10247
 0.10279
 0.10323
 0.10374
 0.10425
 0.10496
 0.10541
 0.10598
 0.10662
 0.10698
 0.10747
 0.10805
 0.10848
 0.10914
 0.10954
 0.11015
 0.11084
 0.11136
 0.11204
 0.11269
 0.11328
 0.11408
 0.11455
 0.11503
 0.11577
 0.11623
 0.11685
 0.11749
 0.11802
 0.11867
 0.11938
 0.11998
 0.12091
 0.12145
 0.12198
 0.12289
 0.12397
 0.12476
 0.12557
 0.12625
 0.12708
 0.12763
 0.12796
 0.12856
 0.12922
 0.12966
 0.13007
 0.13056
 0.13121
 0.13187
 0.13198
 0.13247
 0.13309
 0.13373
 0.13428
 0.13509
 0.13594
 0.13675
 0.13736
 0.13793
 0.13874
 0.13949
 0.14040
 0.14115
 0.14209
 0.14294
 0.14394
 0.14459
 0.14519
 0.14578
 0.14650
 0.14691
 0.14765
 0.14796
 0.14866
 0.14947
 0.15009
 0.15054
 0.15097
 0.15161
 0.15246
 0.15314
 0.15356
 0.15417
 0.15467
 0.15544
 0.15611
 0.15693
 0.15741
 0.15815
 0.15820
 0.15864
 0.15892
 0.15911
 0.15927
 0.15948
 0.15949
 0.16002
 0.16016
 0.16082
 0.16095
 0.16137
 0.16156
 0.16232
 0.16241
 0.16277
 0.16266
 0.16292
 0.16310
 0.16345
 0.16378
 0.16431
 0.16423
 0.16483
 0.16508
 0.16477
 0.16535
 0.16534
 0.16527
 0.16574
 0.16575
 0.16610
 0.16675
 0.16670
 0.16674
 0.16689
 0.16712
 0.16750
 0.16727
 0.16684
 0.16713
 0.16770
 0.16839
 0.16898
 0.16881
 0.16965
 0.17005
 0.17073
 0.17118
 0.17192
 0.17251
 0.17393
 0.17382
 0.17527
 0.17595
 0.17655
 0.17652
 0.17688
 0.17706
 0.17830
 0.17871
 0.17849
 0.17919
 0.18039
 0.18090
 0.18159
 0.18219
 0.18313
 0.18388
 0.18442
 0.18498
 0.18530
 0.18652
 0.18703
 0.18759
 0.18832
 0.18879
 0.18923
 0.19054
 0.19026
 0.19138
 0.19210
 0.19303
 0.19382
 0.19512
 0.19574
 0.19684
 0.19764
 0.19821
 0.19979
 0.20038
 0.20101
 0.20180
 0.20242
 0.20345
 0.20439
 0.20464
 0.20593
 0.20657
 0.20701
 0.20809
 0.20819
 0.20891
 0.20960
 0.20971
 0.21073
 0.21129
 0.21254
 0.21341
 0.21401
 0.21439
 0.21620
 0.21694
 0.21858
 0.21900
 0.21986
 0.22103
 0.22192
 0.22258
 0.22342
 0.22441
 0.22538
 0.22670
 0.22692
 0.22821
 0.22833
 0.22896
 0.22941
 0.22975
 0.22994
 0.23205
 0.23277
 0.23363
 0.23429
 0.23489
 0.23619
 0.23722
 0.23695
 0.23777
 0.23863
 0.24007
 0.24077
 0.24159
 0.24254
 0.24349
 0.24517
 0.24691
 0.24736
 0.24915
 0.24961
 0.25046
 0.25130
 0.25059
 0.25076
 0.25142
 0.25205
 0.25346
 0.25410
 0.25448
 0.25573
 0.25663
 0.25831
 0.25891
 0.25952
 0.26052
 0.26237
 0.26347
 0.26492
 0.26494
 0.26543
 0.26744
 0.26905
 0.27057
 0.27283
 0.27413
 0.27515
 0.27632
 0.27612
 0.27635
 0.27641
 0.27641
 0.27656
 0.27817
 0.28027
 0.28188
 0.28431
 0.28561
 0.28693
 0.28835
 0.28980
 0.29140
 0.29313
 0.29365
 0.29553
 0.29706
 0.29794
 0.29905
 0.29974
 0.30026
 0.30186
 0.30287
 0.30405
 0.30688
 0.30828
 0.30988
 0.31238
 0.31386
 0.31567
 0.31705
 0.31813
 0.31924
 0.32126
 0.32282
 0.32427
 0.32543
 0.32747
 0.32837
 0.33039
 0.33150
 0.33314
 0.33505
 0.33782
 0.33954
 0.34242
 0.34491
 0.34667
 0.34807
 0.35066
 0.35179
 0.35354
 0.35514
 0.35714
 0.35975
 0.36220
 0.36403
 0.36517
 0.36764
 0.37054
 0.37311
 0.37502
 0.37701
 0.37741
 0.38024
 0.38354
 0.38452
 0.38662
 0.38988
 0.39174
 0.39688
 0.39886
 0.39976
 0.40358
 0.40595
 0.40655
 0.40927
 0.41092
 0.41404
 0.41761
 0.41892
 0.42102
 0.42483
 0.42753
 0.42771
 0.43110
 0.43252
 0.43401
 0.43633
 0.43807
 0.43877
 0.44258
 0.44453
 0.44771
 0.45355
 0.45616
 0.45851
 0.46224
 0.46507
 0.46795
 0.47132
 0.47178
 0.47552
 0.47986
 0.48399
 0.48847
 0.49077
 0.49318
 0.49770
 0.49851
 0.50001
 0.50288
 0.50502
 0.50894
 0.51114
 0.51223
 0.51557
 0.51955
 0.52316
 0.52455
 0.52940
 0.53428
 0.53941
 0.54449
 0.54808
 0.54985
 0.55507
 0.55534
 0.55650
 0.55909
 0.55983
 0.56357
 0.56715
 0.57210
 0.57807
 0.58292
 0.58637
 0.59288
 0.59639
 0.60114
 0.60112
 0.60494
 0.60932
 0.61641
 0.62218
 0.62441
 0.62708
 0.63236
 0.63577
 0.63900
 0.63956
 0.64090
 0.64409
 0.64807
 0.65382
 0.65797
 0.66120
 0.66309
 0.66928
 0.67468
 0.67696
 0.68198
 0.68293
 0.68618
 0.69100
 0.68901
 0.69362
 0.70048
 0.70480
 0.71124
 0.71778
 0.72176
 0.72687
 0.72794
 0.73084
 0.72872
 0.72907
 0.73246
 0.73014
 0.73544
 0.74265
 0.74785
 0.74969
 0.75252
 0.75189
 0.75869
 0.75854
 0.75464
 0.75002
 0.75292
 0.75632
 0.75576
 0.76072
 0.76214
 0.76539
 0.76943
 0.76940
 0.77027
 0.77447
 0.77316
 0.77693
 0.77790
 0.77952
 0.78563
 0.78657
 0.78322
 0.78376
 0.78231
 0.78420
 0.78526
 0.78345
 0.78610
 0.79141
 0.79497
 0.80091
 0.80573
 0.80476
 0.81264
 0.81262
 0.81369
 0.81456
 0.81136
 0.80797
 0.81603
 0.81377
 0.81884
 0.82221
 0.82811
 0.83027
 0.83831
 0.83803
 0.84345
 0.84465
 0.84910
 0.84901
 0.85285
 0.85508
 0.85688
 0.85828
 0.86336
 0.86343
 0.86218
 0.87305
 0.87434
 0.87639
 0.87783
 0.88000
 0.88558
 0.89551
 0.89582
 0.90246
 0.91004
 0.91473
 0.91743
 0.92431
 0.92733
 0.92877
 0.92708
 0.92623
 0.93562
 0.94615
 0.94535
 0.94827
 0.95292
 0.96168
 0.97205
 0.97631
 0.97894
 0.98930
 0.99516
 1.00666
 1.01557
 1.01842
 1.01792
 1.02121
 1.02098
 1.02647
 1.03165
 1.03899
 1.04799
 1.05172
 1.05685
 1.06826
 1.07778
 1.08340
 1.08587
 1.08940
 1.10163
 1.12002
 1.12976
 1.14105
 1.14955
 1.16433
 1.17963
 1.19074
 1.19791
 1.20836
 1.21260
 1.21973
 1.21452
 1.22069
 1.23084
 1.23045
 1.24235
 1.26083
 1.27832
 1.30276
 1.32399
 1.33442
 1.35064
 1.35217
 1.36029
 1.36351
 1.37696
 1.37750
 1.38249
 1.39280
 1.40646
 1.40746
 1.41896
 1.42377
 1.44331
 1.47029
 1.48317
 1.51113
 1.53058
 1.54575
 1.56338
 1.56096
 1.56724
 1.57913
 1.57830
 1.58029
 1.60066
 1.59850
 1.61847
 1.61982
 1.62419
 1.64025
 1.65066
 1.64346
 1.67208
 1.67557
 1.69757
 1.71065
 1.72303
 1.73583
 1.75554
 1.77115
 1.80068
 1.80823
 1.83720
 1.84207
 1.87233
 1.87993
 1.87241
 1.88591
 1.91910
 1.93155
 1.94545
 1.95861
 1.99439
 2.00000
 2.00000
 2.00000
 2.00000
 2.00000
 2.00000
 2.00000
 2.00000
 2.00000
 2.00000
 2.00000
 2.00000
 2.00000
 2.00000
 2.00000
 2.00000
 2.00000
 2.00000
 2.00000
 2.00000
 2.00000
 2.00000
 2.00000
 2.00000
 2.00000
 2.00000
 2.00000
 2.00000
 2.00000
 2.00000
 2.00000
 2.00000
 2.00000
 2.00000
 2.00000
 2.00000
 2.00000
 2.00000
 2.00000
 2.00000
 2.00000
 2.00000
 2.00000
 2.00000
 2.00000
 2.00000
 2.00000
 2.00000
 2.00000
 2.00000
 2.00000
 2.00000
 2.00000
 2.00000
 2.00000
 2.00000
 2.00000
 2.00000
 2.00000
 2.00000
 2.00000
 2.00000
 2.00000
 2.00000
 2.00000
 2.00000
 2.00000
 2.00000
 2.00000
 2.00000
 2.00000
 2.00000
 2.00000
 2.00000
 2.00000
 2.00000
 2.00000
 2.00000
 2.00000
 2.00000
 2.00000
 2.00000
 2.00000
 2.00000
 2.00000
 2.00000
 2.00000
 2.00000
 2.00000
 2.00000
 2.00000
 2.00000
 2.00000
 2.00000
 2.00000
 2.00000
 2.00000
 2.00000
 2.00000
 2.00000
 2.00000
 2.00000
 2.00000
 2.00000
 2.00000
 2.00000
 2.00000
 2.00000
 2.00000
 2.00000
 2.00000
 2.00000
 2.00000
 2.00000
 2.00000
 2.00000
 2.00000
 2.00000
 2.00000
 2.00000
 2.00000
 2.00000
 2.00000
 2.00000
 2.00000
 2.00000
 2.00000
 2.00000
 2.00000
 2.00000
 2.00000
 2.00000
 2.00000
 2.00000
 2.00000
 2.00000
 2.00000
 2.00000
 2.00000
 2.00000
 2.00000
 2.00000
 2.00000
 2.00000
 2.00000
 2.00000
 2.00000
 2.00000
 2.00000
 2.00000
 2.00000
 2.00000
 2.00000
 2.00000
 2.00000
 2.00000
 2.00000
 2.00000
 2.00000
 2.00000
 2.00000
 2.00000
 2.00000
 2.00000
 2.00000
 2.00000
 2.00000
 2.00000
 2.00000
 2.00000
 2.00000
 2.00000
 2.00000
 2.00000
 2.00000
 2.00000
 2.00000
 2.00000
 2.00000
 2.00000
 2.00000
 2.00000
 2.00000
 2.00000
 2.00000
 2.00000
 2.00000
 2.00000
 2.00000
 2.00000
 2.00000
 2.00000
 2.00000
 2.00000
 2.00000
 2.00000
 2.00000
 2.00000
 2.00000
 2.00000
 2.00000
 2.00000
 2.00000
 2.00000
 2.00000
 2.00000
 2.00000
 2.00000
 2.00000
 2.00000
 2.00000
 2.00000
 2.00000
 2.00000
 2.00000
 2.00000
 2.00000
 2.00000
 2.00000
 2.00000
 2.00000
 2.00000
 2.00000
 2.00000
 2.00000
 2.00000
 2.00000
 2.00000
 2.00000
 2.00000
 2.00000
 2.00000
 2.00000
 2.00000
 2.00000
 2.00000
 2.00000
 2.00000
 2.00000
 2.00000
 2.00000
 2.00000
 2.00000
 2.00000
 2.00000
 2.00000
 2.00000
 2.00000
 2.00000
 2.00000
 2.00000
 2.00000
 2.00000
 2.00000
 2.00000
 2.00000
 2.00000
 2.00000
 2.00000
 2.00000
 2.00000
 2.00000
 2.00000
 2.00000
 2.00000
 2.00000
 2.00000
 2.00000
 2.00000
 2.00000
 2.00000
 2.00000
 2.00000
 2.00000
 2.00000
 2.00000
