4001 10 138
58.7 120.2
59.2 121.4
59.8 122.6
60.3 123.8
60.8 125.2
61.3 126.7
61.8 128.3
62.2 129.9
63.3 131.4
64.8 132.8
66.2 134.2
67.7 135.6
69.3 136.5
71.0 137.2
72.6 137.8
74.3 138.5
75.3 140.7
76.3 143.0
77.3 145.4
78.3 147.5
79.7 148.4
81.1 149.2
82.4 150.1
83.7 151.4
84.5 153.5
85.3 155.7
86.2 157.8
87.3 159.8
88.7 161.5
90.1 163.2
91.5 164.9
92.8 166.2
94.0 167.4
95.2 168.6
96.4 169.7
97.7 171.5
98.9 173.4
100.1 175.2
101.3 177.1
103.1 179.1
104.9 181.2
106.7 183.3
108.5 185.6
110.1 188.2
111.8 190.9
113.4 193.5
115.1 196.0
116.8 198.3
118.5 200.5
120.1 202.8
122.2 205.8
124.5 209.0
126.9 212.3
129.3 215.5
131.7 218.2
134.2 220.9
136.7 223.6
139.3 226.4
142.0 229.5
144.7 232.7
147.5 235.8
150.3 239.0
152.2 242.4
154.2 245.7
156.1 249.1
158.3 251.7
161.4 253.8
164.6 255.9
167.8 258.0
170.5 261.2
172.3 264.8
174.1 268.4
175.9 272.0
178.6 275.3
182.0 278.5
185.5 281.7
188.9 284.9
191.8 288.4
194.4 292.0
197.0 295.5
199.6 298.8
201.2 301.9
202.6 304.9
204.1 308.0
205.6 311.4
209.7 315.2
213.8 319.0
217.9 322.7
221.5 326.4
223.5 329.9
225.4 333.5
227.4 337.1
229.4 340.7
231.7 344.3
234.0 347.9
236.2 351.6
239.0 356.0
242.3 360.3
245.6 364.6
248.8 368.3
252.1 370.4
255.3 372.4
258.5 374.5
261.8 377.8
265.3 382.2
269.0 386.6
272.6 391.0
276.1 395.0
278.1 398.8
280.1 402.7
282.1 406.5
284.5 411.1
288.0 415.8
291.5 420.5
295.0 425.0
298.8 428.6
303.0 432.2
307.3 435.8
311.6 439.4
315.1 442.9
318.0 446.4
320.9 449.9
323.9 454.2
327.5 459.3
331.4 464.4
335.3 469.5
339.2 473.9
341.6 478.0
343.8 482.1
346.0 486.2
348.4 490.7
352.3 495.2
356.2 499.7
360.2 504.1
363.9 507.3
366.8 510.4
369.8 513.6
372.7 516.8
375.6 520.4
378.4 523.9
381.2 527.4
384.0 530.7
386.8 533.7
389.6 536.8
392.4 539.8
395.2 544.6
398.3 550.4
401.6 556.3
404.9 562.1
408.2 565.4
412.1 568.2
416.1 570.9
420.1 573.7
423.9 577.7
426.1 581.7
428.2 585.7
430.4 589.6
433.0 593.2
436.9 596.8
440.8 600.4
444.7 604.0
448.5 607.6
452.2 611.2
455.8 614.7
459.5 619.1
463.1 623.9
466.8 628.8
470.5 633.6
474.1 637.3
477.4 640.7
480.5 644.1
483.6 647.4
486.7 651.4
489.9 655.3
493.2 659.2
496.4 663.4
499.7 669.1
503.2 674.8
506.7 680.5
510.3 686.0
514.0 690.9
518.6 695.9
523.2 700.8
527.7 705.7
531.7 710.6
534.8 715.4
538.0 720.3
541.1 725.8
545.8 731.5
551.4 737.2
557.1 743.0
562.7 747.9
566.4 752.7
569.6 757.6
572.7 762.5
575.8 767.8
580.9 773.1
586.1 778.4
591.3 783.4
596.3 787.5
599.7 791.6
603.2 795.7
606.6 801.1
610.3 807.9
614.9 814.7
619.6 821.5
624.2 827.1
628.5 832.0
632.3 836.9
636.1 841.7
640.0 845.3
644.1 848.6
648.4 852.0
652.7 855.3
657.0 859.0
660.9 862.8
664.7 866.5
668.6 870.7
672.4 876.6
676.2 882.4
679.9 888.3
683.7 893.6
687.5 898.0
691.4 902.5
695.4 906.9
699.3 911.4
702.9 915.8
705.7 920.2
708.5 924.6
711.3 928.8
714.0 932.8
716.7 936.9
719.4 941.0
722.0 945.5
725.5 950.1
729.5 954.6
733.5 959.0
737.5 962.5
741.0 966.0
744.4 969.5
747.8 973.3
751.1 978.0
755.8 982.7
760.5 987.4
765.3 991.4
769.9 994.8
773.3 998.2
776.6 1001.6
779.9 1007.1
783.8 1013.5
789.5 1020.0
795.2 1026.4
800.9 1031.7
805.4 1036.7
808.0 1041.8
810.7 1046.9
813.3 1053.1
817.4 1059.4
822.5 1065.6
827.7 1071.8
832.8 1078.0
837.9 1084.2
843.1 1090.4
848.2 1096.2
853.4 1101.2
857.9 1106.3
862.3 1111.4
866.7 1116.6
871.2 1121.9
878.0 1127.1
884.8 1132.4
891.7 1139.9
897.7 1148.0
901.1 1156.1
904.4 1164.3
907.8 1170.2
912.0 1175.9
917.8 1181.7
923.5 1187.3
929.2 1191.5
935.4 1195.7
941.8 1199.9
948.3 1204.9
954.8 1211.8
960.8 1218.7
966.6 1225.6
972.3 1232.0
978.1 1237.7
981.9 1243.5
985.4 1249.2
988.8 1255.3
992.4 1261.5
998.9 1267.8
1005.4 1274.0
1011.8 1281.4
1017.4 1289.0
1019.8 1296.6
1022.2 1304.1
1024.5 1307.4
1028.0 1310.7
1033.4 1314.0
1038.8 1318.0
1044.2 1324.8
1049.4 1331.7
1054.3 1338.6
1059.2 1343.6
1064.1 1345.4
1067.8 1347.3
1070.9 1349.1
1074.0 1353.3
1077.2 1359.5
1081.5 1365.7
1086.0 1371.8
1090.6 1376.1
1095.1 1379.7
1097.4 1383.3
1099.7 1386.8
1102.0 1390.7
1105.0 1394.6
1111.6 1398.5
1118.2 1402.5
1124.7 1406.7
1129.8 1410.9
1131.9 1415.1
1134.0 1419.4
1136.0 1423.9
1138.9 1428.4
1142.6 1432.9
1146.3 1437.2
1150.0 1441.4
1153.9 1445.6
1157.9 1449.8
1161.9 1454.7
1165.9 1460.1
1170.1 1465.5
1174.4 1470.9
1178.8 1476.6
1183.1 1482.4
1186.4 1488.2
1189.6 1493.9
1192.9 1500.7
1196.3 1507.4
1200.1 1514.2
1204.0 1520.7
1207.8 1525.9
1212.5 1531.1
1219.0 1536.2
1225.6 1541.3
1232.1 1546.2
1238.7 1551.1
1245.2 1556.0
1251.7 1562.2
1258.2 1569.7
1263.5 1577.2
1268.2 1584.8
1272.8 1590.9
1277.5 1596.2
1282.8 1601.5
1288.4 1606.8
1294.0 1613.2
1299.6 1619.8
1306.3 1626.4
1313.1 1633.0
1319.9 1640.3
1326.5 1647.6
1332.0 1654.9
1337.4 1662.5
1342.8 1671.7
1348.5 1680.9
1355.0 1690.2
1361.6 1698.6
1368.1 1705.6
1374.8 1712.5
1381.5 1719.5
1388.3 1725.8
1395.0 1731.4
1401.3 1737.0
1407.3 1742.7
1413.2 1750.1
1419.2 1758.4
1425.3 1766.7
1431.5 1775.0
1437.6 1784.3
1443.8 1793.8
1449.5 1803.3
1455.2 1812.7
1460.8 1816.8
1466.6 1820.9
1474.9 1825.0
1483.2 1829.8
1491.5 1837.4
1498.8 1845.0
1502.2 1852.6
1505.6 1859.6
1509.0 1865.3
1513.7 1871.0
1520.5 1876.7
1527.4 1883.3
1534.2 1890.8
1539.7 1898.3
1544.1 1905.8
1548.5 1911.1
1552.8 1915.5
1557.2 1920.0
1561.4 1924.4
1565.7 1930.5
1570.0 1936.9
1575.4 1943.3
1581.0 1949.7
1586.6 1954.9
1592.2 1960.0
1596.0 1965.2
1599.7 1970.5
1603.4 1976.5
1607.1 1982.5
1610.8 1988.5
1614.5 1993.5
1618.2 1996.9
1622.5 2000.3
1628.0 2003.7
1633.5 2007.4
1638.9 2011.2
1642.7 2015.1
1644.7 2019.0
1646.7 2023.7
1648.7 2028.9
1653.6 2034.0
1660.0 2039.1
1666.4 2045.1
1672.9 2051.2
1676.4 2057.4
1679.2 2063.4
1682.0 2066.7
1684.8 2070.1
1690.3 2073.4
1696.0 2077.1
1701.6 2082.3
1707.0 2087.4
1710.5 2092.5
1713.9 2098.4
1717.4 2105.5
1720.9 2112.6
1724.2 2119.7
1727.5 2125.7
1730.9 2130.7
1735.9 2135.7
1743.2 2140.6
1750.4 2145.9
1757.7 2151.2
1764.2 2156.5
1770.1 2161.8
1776.0 2169.7
1782.0 2178.1
1788.1 2186.5
1794.3 2194.8
1800.5 2202.6
1806.7 2210.4
1814.1 2218.1
1821.6 2226.1
1829.2 2234.6
1836.6 2243.0
1842.9 2251.5
1849.1 2259.5
1855.3 2266.4
1861.7 2273.4
1868.9 2280.4
1876.0 2288.2
1883.1 2296.7
1890.5 2305.2
1898.3 2313.7
1906.1 2324.7
1913.9 2336.8
1921.5 2348.9
1929.0 2360.9
1936.4 2372.3
1943.8 2383.6
1952.1 2394.9
1960.9 2406.2
1969.6 2414.4
1978.4 2422.7
1986.5 2430.9
1994.5 2439.0
2002.5 2446.5
2010.5 2454.1
2019.4 2461.6
2028.2 2469.9
2037.1 2479.6
2045.3 2489.3
2049.2 2499.0
2053.2 2508.3
2057.2 2517.2
2063.1 2526.2
2073.8 2535.1
2084.5 2545.9
2095.3 2557.5
2105.2 2569.2
2114.2 2580.8
2123.1 2587.5
2132.1 2593.2
2140.5 2598.8
2148.5 2604.5
2156.5 2611.7
2164.6 2618.8
2171.4 2626.0
2177.9 2633.8
2184.4 2645.3
2190.9 2656.8
2197.5 2668.3
2204.2 2678.4
2210.8 2685.7
2217.4 2692.9
2222.8 2700.1
2228.2 2707.0
2233.6 2713.5
2239.6 2719.9
2247.7 2726.4
2255.7 2733.2
2263.8 2740.2
2270.6 2747.2
2275.2 2754.2
2279.9 2762.0
2284.6 2770.0
2289.7 2778.0
2295.2 2786.0
2300.8 2791.9
2306.3 2797.7
2312.7 2803.5
2319.4 2809.6
2326.2 2818.0
2332.9 2826.4
2338.2 2834.7
2343.1 2841.6
2348.0 2844.4
2352.9 2847.2
2356.3 2850.0
2359.7 2854.9
2363.1 2862.5
2366.7 2870.1
2371.6 2877.7
2376.6 2884.5
2381.6 2890.9
2387.4 2897.2
2395.4 2903.6
2403.4 2909.3
2411.3 2914.9
2418.5 2920.5
2424.7 2926.1
2430.9 2932.3
2437.0 2938.7
2443.7 2945.1
2450.7 2951.4
2457.7 2957.8
2464.7 2964.3
2470.3 2970.7
2475.4 2976.8
2480.6 2982.0
2485.7 2987.2
2490.9 2992.4
2496.2 2997.9
2501.4 3003.7
2506.6 3009.6
2510.7 3015.4
2514.9 3022.6
2519.0 3030.8
2522.8 3039.1
2525.2 3047.3
2527.7 3052.3
2530.1 3055.9
2534.4 3059.5
2541.9 3063.1
2549.5 3069.1
2557.1 3075.5
2563.0 3081.8
2567.4 3088.2
2571.8 3097.2
2576.2 3106.3
2581.7 3115.3
2587.9 3124.2
2594.1 3132.0
2600.2 3139.9
2608.3 3147.8
2616.9 3155.8
2625.5 3163.9
2634.0 3172.1
2641.2 3180.2
2648.4 3189.1
2655.5 3198.8
2662.8 3208.6
2670.9 3218.3
2678.9 3229.0
2687.0 3240.4
2694.4 3251.8
2699.8 3263.2
2705.3 3272.5
2710.8 3281.2
2718.5 3290.0
2729.3 3298.7
2740.1 3307.5
2750.9 3316.4
2760.6 3325.2
2769.5 3334.5
2778.4 3348.1
2787.3 3361.6
2796.9 3375.2
2806.9 3388.3
2816.9 3399.9
2826.9 3411.5
2836.4 3423.1
2845.9 3432.8
2855.4 3439.8
2864.8 3446.8
2872.4 3453.8
2880.0 3465.3
2887.6 3480.3
2895.6 3495.3
2905.8 3510.3
2916.1 3522.9
2926.3 3534.6
2937.4 3546.2
2950.6 3557.9
2963.8 3568.4
2977.0 3578.7
2986.9 3589.0
2993.0 3599.2
2999.2 3606.7
3005.4 3614.1
3012.9 3621.6
3021.4 3629.8
3029.8 3642.0
3038.3 3654.1
3049.3 3666.3
3061.0 3677.7
3072.8 3687.3
3084.5 3696.9
3092.8 3706.5
3100.7 3717.6
3108.6 3730.4
3116.8 3743.2
3128.6 3755.9
3140.3 3766.8
3152.0 3776.5
3162.9 3786.3
3170.7 3796.0
3178.5 3807.5
3186.3 3819.6
3194.3 3831.7
3202.6 3843.8
3210.9 3855.2
3219.2 3866.6
3229.1 3877.9
3240.4 3889.3
3251.7 3900.9
3263.0 3912.6
3273.1 3924.2
3282.5 3935.8
3291.9 3947.7
3301.4 3959.6
3310.0 3971.5
3318.5 3982.7
3327.0 3992.8
3335.5 4002.9
3347.1 4012.9
3358.9 4022.8
3370.6 4032.4
3382.2 4042.0
3392.2 4051.6
3402.1 4062.7
3412.1 4074.5
3421.2 4086.2
3427.8 4098.0
3434.5 4107.4
3441.1 4116.2
3449.5 4125.0
3460.2 4133.9
3471.0 4145.7
3481.7 4157.7
3493.0 4169.6
3504.7 4181.6
3516.4 4193.9
3528.1 4206.1
3537.4 4218.4
3545.8 4230.0
3554.1 4239.6
3562.5 4249.3
3571.0 4259.0
3579.5 4270.1
3588.1 4283.2
3596.6 4296.4
3606.0 4309.5
3615.4 4321.8
3624.8 4333.5
3634.6 4345.2
3647.3 4356.9
3659.9 4369.4
3672.5 4382.3
3684.5 4395.1
3695.0 4408.0
3705.5 4420.2
3716.1 4432.3
3725.0 4444.4
3731.9 4456.5
3738.7 4467.5
3745.6 4478.5
3755.6 4489.5
3767.7 4500.6
3779.9 4511.9
3792.0 4523.3
3803.0 4534.6
3813.7 4546.2
3824.3 4558.2
3834.9 4570.3
3844.5 4582.4
3854.0 4594.4
3863.5 4606.4
3873.1 4618.3
3882.6 4630.3
3892.1 4641.2
3901.7 4651.4
3911.5 4661.6
3922.7 4671.8
3933.9 4683.6
3945.1 4696.0
3956.0 4708.4
3966.1 4720.8
3976.2 4731.8
3986.3 4742.7
3997.0 4753.5
4008.5 4764.4
4020.0 4776.8
4031.4 4789.1
4043.5 4801.5
4055.9 4813.3
4068.3 4822.4
4080.7 4831.5
4091.0 4840.6
4100.8 4850.4
4110.5 4861.8
4120.3 4873.3
4129.0 4884.7
4137.7 4895.6
4146.3 4905.8
4155.1 4916.1
4165.7 4926.4
4176.4 4937.6
4187.1 4949.4
4197.4 4961.3
4206.5 4973.1
4215.6 4984.7
4224.6 4996.2
4234.0 5007.7
4244.1 5019.3
4254.1 5030.9
4264.2 5042.5
4275.0 5054.1
4286.6 5065.7
4298.3 5077.1
4309.9 5088.4
4320.6 5099.7
4330.8 5110.9
4341.0 5121.1
4351.2 5131.4
4361.3 5141.7
4371.4 5152.6
4381.5 5164.9
4391.6 5177.2
4401.1 5189.5
4410.5 5201.2
4419.9 5212.4
4429.4 5223.6
4439.5 5234.7
4449.5 5245.5
4459.5 5256.0
4469.2 5266.5
4477.5 5277.1
4485.8 5288.7
4494.1 5300.8
4503.5 5312.8
4514.6 5324.8
4525.8 5334.0
4537.0 5342.9
4547.0 5351.7
4555.8 5360.6
4564.7 5370.0
4573.6 5379.5
4582.4 5388.9
4591.3 5398.6
4600.1 5410.0
4608.9 5421.4
4620.9 5432.8
4633.7 5444.1
4646.6 5455.2
4659.4 5466.3
4669.2 5477.4
4678.9 5488.7
4688.6 5500.4
4698.1 5512.1
4706.4 5523.8
4714.6 5536.0
4722.8 5548.5
4732.3 5561.0
4746.0 5573.5
4759.7 5587.9
4773.3 5602.8
4784.1 5617.8
4790.0 5632.8
4795.9 5646.5
4801.8 5660.0
4810.6 5673.5
4822.1 5687.0
4833.6 5696.9
4845.1 5706.7
4856.1 5716.6
4866.8 5727.3
4877.5 5742.2
4888.3 5757.2
4900.0 5772.1
4911.9 5786.3
4923.9 5798.5
4935.9 5810.7
4947.0 5823.0
4958.0 5836.6
4969.1 5852.0
4980.3 5867.5
4993.4 5882.9
5006.5 5896.8
5019.6 5909.4
5032.4 5922.1
5044.2 5934.8
5055.9 5949.1
5067.7 5964.0
5081.3 5979.0
5097.8 5994.0
5114.3 6005.6
5130.9 6016.7
5143.4 6027.8
5152.2 6038.9
5161.1 6056.8
5169.9 6074.7
5183.2 6092.6
5198.8 6109.7
5214.3 6121.6
5229.9 6133.6
5240.3 6145.5
5249.5 6158.0
5258.7 6172.2
5268.0 6186.4
5282.6 6200.6
5297.4 6214.4
5312.3 6227.7
5327.0 6241.0
5339.4 6254.2
5351.9 6271.5
5364.3 6292.0
5377.4 6312.5
5392.4 6333.0
5407.4 6348.4
5422.4 6361.5
5436.6 6374.6
5449.6 6387.7
5462.5 6400.8
5475.4 6413.9
5488.1 6426.9
5500.5 6440.0
5512.9 6455.6
5525.3 6471.4
5538.9 6487.1
5553.3 6503.0
5567.6 6520.8
5581.9 6538.7
5597.1 6556.5
5612.5 6573.8
5627.9 6589.3
5643.3 6604.9
5656.9 6620.5
5670.3 6636.3
5683.8 6652.5
5697.3 6668.7
5710.2 6684.9
5723.2 6702.1
5736.1 6720.3
5749.1 6738.5
5762.3 6756.7
5775.4 6769.7
5788.6 6779.9
5802.6 6790.1
5818.0 6800.3
5833.5 6817.9
5848.9 6837.7
5862.1 6857.5
5873.1 6877.2
5884.1 6891.2
5895.1 6904.6
5911.3 6918.0
5930.4 6931.6
5949.5 6950.6
5968.5 6969.7
5980.7 6988.7
5991.0 7007.0
6001.3 7021.9
6011.6 7036.9
6027.1 7051.8
6042.9 7066.0
6058.8 7078.8
6074.2 7091.5
6085.3 7104.2
6096.3 7119.4
6107.4 7137.6
6118.8 7155.8
6131.7 7174.0
6144.6 7189.6
6157.5 7203.4
6171.6 7217.2
6187.9 7230.9
6204.2 7249.9
6220.5 7270.9
6237.6 7291.9
6255.5 7312.9
6273.3 7328.8
6291.2 7343.8
6304.6 7358.7
6315.4 7373.7
6326.2 7389.1
6337.1 7404.5
6352.7 7419.9
6369.7 7435.0
6386.7 7447.7
6403.7 7460.3
6420.0 7473.0
6436.3 7487.7
6452.6 7508.7
6468.7 7529.7
6480.4 7550.7
6492.1 7570.3
6503.8 7587.5
6515.5 7604.7
6527.2 7621.9
6538.9 7639.0
6550.6 7656.0
6564.0 7673.0
6580.7 7690.0
6597.5 7704.4
6614.2 7717.4
6630.5 7730.3
6646.3 7743.3
6662.0 7761.6
6677.8 7781.4
6693.3 7801.2
6708.8 7821.0
6724.2 7839.4
6739.7 7857.7
6753.9 7876.0
6767.8 7894.3
6781.8 7912.1
6795.7 7930.0
6808.4 7947.8
6820.9 7965.2
6833.4 7980.6
6846.1 7996.1
6863.1 8011.5
6880.0 8027.3
6897.0 8044.0
6913.5 8060.8
6927.4 8077.5
6941.4 8093.8
6955.3 8109.7
6969.6 8125.5
6984.7 8141.3
6999.7 8158.7
7014.8 8177.2
7030.1 8195.7
7045.7 8214.2
7061.4 8232.2
7077.0 8249.9
7093.8 8267.7
7111.4 8285.4
7128.9 8302.7
7146.5 8319.8
7162.1 8337.0
7176.9 8354.1
7191.7 8372.4
7206.6 8390.7
7221.7 8409.0
7236.8 8427.4
7251.9 8446.8
7267.0 8466.1
7283.0 8485.5
7298.9 8504.4
7314.9 8522.0
7330.8 8539.5
7346.9 8557.0
7362.9 8573.7
7378.9 8588.5
7394.8 8603.4
7410.7 8618.3
7426.6 8636.4
7442.5 8658.1
7458.2 8679.8
7473.6 8701.6
7489.0 8720.8
7504.4 8738.4
7520.2 8756.0
7536.4 8773.7
7552.6 8788.4
7568.8 8802.0
7582.2 8815.7
7594.3 8829.3
7606.4 8844.7
7618.5 8860.5
7633.5 8876.2
7649.1 8892.0
7664.8 8911.4
7680.4 8930.9
7697.2 8950.4
7714.1 8969.4
7730.9 8984.1
7747.7 8998.9
7764.1 9013.6
7780.4 9029.9
7796.7 9051.0
7812.5 9072.1
7826.6 9093.2
7840.7 9113.3
7854.8 9131.7
7867.8 9150.0
7879.1 9168.4
7890.5 9184.2
7901.8 9197.3
7915.9 9210.5
7932.6 9223.6
7949.3 9238.1
7966.0 9253.6
7978.9 9269.0
7989.7 9284.4
8000.5 9296.5
8011.3 9307.5
8025.5 9318.5
8040.6 9329.5
8055.7 9347.8
8070.8 9367.0
8086.2 9386.3
8101.7 9405.5
8117.2 9423.1
8132.5 9440.7
8144.6 9458.3
8156.7 9476.0
8168.8 9494.9
8181.5 9513.7
8196.8 9532.6
8212.0 9549.7
8227.2 9561.6
8241.6 9573.5
8254.3 9585.4
8266.9 9598.0
8279.6 9611.5
8291.9 9625.1
8303.9 9638.6
8316.0 9655.0
8328.0 9674.3
8342.1 9693.6
8357.7 9712.9
8373.2 9727.4
8388.8 9739.2
8402.7 9751.1
8416.1 9762.9
8429.5 9778.9
8442.9 9796.2
8455.9 9813.5
8468.8 9830.9
8481.7 9848.6
8494.6 9866.3
8507.8 9884.0
8521.1 9901.7
8534.4 9917.1
8548.2 9932.6
8565.3 9948.0
8582.4 9963.5
8599.5 9979.7
8614.9 9995.9
8626.2 10012.1
8637.4 10027.4
8648.7 10040.3
8662.0 10053.2
8678.2 10066.0
8694.4 10081.0
8710.6 10099.5
8726.4 10117.9
8742.0 10136.3
8757.5 10156.4
8773.0 10178.1
8786.5 10199.7
8799.0 10221.4
8811.5 10240.3
8824.0 10257.5
8840.4 10274.7
8857.5 10291.9
8874.6 10308.7
8891.7 10325.4
8908.1 10342.1
8924.5 10358.8
8940.9 10378.8
8957.5 10399.3
8975.9 10419.7
8994.4 10440.2
9012.9 10460.2
9031.3 10480.1
9049.6 10500.0
9067.9 10520.3
9086.2 10542.8
9104.5 10565.3
9122.8 10587.8
9141.1 10609.9
9159.4 10630.7
9179.7 10651.5
9201.9 10672.3
9224.2 10693.9
9246.4 10716.7
9266.8 10739.6
9286.0 10762.4
9305.2 10786.1
9324.4 10810.8
9343.2 10835.4
9361.9 10860.0
9380.6 10885.1
9399.3 10910.4
9420.9 10935.8
9442.7 10961.2
9464.6 10983.8
9486.4 11005.4
9506.2 11027.0
9526.1 11048.7
9546.0 11072.0
9565.8 11095.6
9585.3 11119.2
9604.8 11142.8
9624.3 11167.4
9645.3 11192.1
9669.4 11216.7
9693.5 11240.8
9717.7 11259.7
9740.3 11278.6
9761.0 11297.4
9781.7 11318.1
9802.3 11345.1
9825.8 11372.1
9851.2 11399.1
9876.7 11428.2
9902.1 11461.5
9921.2 11494.8
9937.6 11528.0
9954.0 11557.4
9970.4 11582.1
9993.3 11606.8
10017.4 11631.5
10041.6 11656.8
10065.7 11682.6
10088.5 11708.4
10111.2 11734.2
10134.0 11758.1
10157.0 11781.3
10182.7 11804.4
10208.3 11827.5
10233.9 11854.6
10258.8 11882.6
10281.1 11910.5
10303.5 11938.4
10325.9 11958.3
10350.3 11977.7
10377.9 11997.2
10405.5 12017.2
10433.1 12046.2
10455.0 12075.1
10471.2 12104.1
10487.4 12132.1
10503.7 12155.8
10524.9 12179.5
10548.9 12203.2
10573.0 12228.9
10597.0 12259.5
10620.6 12290.0
10644.1 12320.5
10667.6 12348.7
10691.1 12373.7
10712.4 12398.7
10733.3 12423.7
10754.3 12451.6
10775.3 12482.0
10797.3 12512.4
10819.3 12542.8
10841.3 12566.7
10863.5 12587.4
10886.7 12608.1
10909.9 12628.8
10933.0 12655.5
10955.0 12683.8
10974.3 12712.2
10993.5 12740.5
11012.7 12765.0
11033.6 12789.0
11056.7 12813.1
11079.7 12837.2
11102.8 12865.4
11123.9 12893.7
11143.5 12921.9
11163.1 12949.9
11182.7 12976.7
11204.4 13003.4
11227.0 13030.1
11249.6 13056.1
11272.2 13079.9
11293.2 13103.6
11313.9 13127.4
11334.6 13151.5
11355.3 13176.2
11377.1 13200.8
11399.0 13225.5
11421.0 13250.2
11442.7 13274.9
11462.6 13299.6
11482.4 13324.3
11502.3 13348.8
11522.2 13373.3
11542.0 13397.7
11561.9 13422.1
11581.7 13450.4
11601.6 13480.2
11621.4 13510.0
11641.3 13539.8
11661.2 13561.2
11681.8 13581.0
11703.1 13600.8
11724.4 13620.6
11745.8 13640.3
11769.7 13659.9
11795.3 13679.6
11820.9 13699.4
11846.4 13721.1
11862.7 13742.9
11875.9 13764.6
11889.2 13786.4
11902.4 13808.5
11922.5 13830.6
11943.6 13852.7
11964.6 13874.8
11985.7 13897.1
12007.0 13919.4
12028.3 13941.7
12049.6 13964.2
12070.6 13987.1
12090.0 14010.0
12109.5 14032.9
12128.9 14057.0
12150.6 14081.9
12178.5 14106.9
12206.3 14131.8
12234.1 14152.7
12257.8 14171.4
12275.3 14190.1
12292.9 14208.8
12310.5 14236.7
12328.1 14267.2
12345.8 14297.8
12363.4 14328.3
12381.1 14356.9
12403.2 14385.1
12427.5 14413.4
12451.9 14441.7
12476.2 14466.3
12496.1 14490.9
12514.8 14515.5
12533.5 14539.7
12552.3 14561.4
12574.8 14583.1
12597.7 14604.9
12620.5 14629.1
12643.3 14661.4
12665.0 14693.8
12686.6 14726.1
12708.3 14754.7
12731.5 14776.3
12761.7 14798.0
12791.9 14819.6
12822.1 14844.2
12847.2 14872.3
12861.2 14900.3
12875.3 14928.3
12889.3 14956.2
12907.6 14983.8
12931.1 15011.5
12954.6 15039.2
12978.1 15067.4
13003.2 15095.8
13029.3 15124.2
13055.4 15152.7
13081.6 15184.1
13106.6 15216.2
13131.1 15248.4
13155.5 15280.5
13180.0 15303.7
13204.6 15326.2
13229.2 15348.7
13253.8 15371.5
13278.5 15400.8
13305.5 15430.1
13332.7 15459.4
13359.8 15488.2
13386.5 15514.3
13409.6 15540.5
13432.6 15566.6
13455.6 15594.1
13478.8 15625.3
13502.8 15656.6
13526.9 15687.8
13550.9 15719.4
13575.6 15751.4
13601.5 15783.4
13627.4 15815.3
13653.3 15849.5
13679.4 15885.8
13705.6 15922.2
13731.9 15958.6
13758.2 15988.3
13784.9 16013.8
13811.9 16039.3
13838.9 16064.8
13865.9 16096.0
13894.1 16129.6
13922.6 16163.1
13951.1 16196.6
13979.7 16226.6
14001.6 16255.9
14022.6 16285.2
14043.6 16314.5
14064.5 16349.7
14095.7 16385.2
14126.9 16420.8
14158.1 16455.9
14188.3 16485.1
14211.8 16514.2
14235.3 16543.3
14258.9 16574.3
14283.3 16614.0
14310.5 16653.8
14337.7 16693.5
14364.9 16731.2
14392.7 16763.6
14421.4 16796.1
14450.1 16828.5
14478.8 16859.7
14508.3 16888.9
14538.6 16918.2
14568.8 16947.5
14599.1 16977.4
14625.9 17007.9
14650.8 17038.4
14675.7 17068.9
14700.6 17100.0
14726.6 17131.4
14752.9 17162.7
14779.2 17194.1
14805.5 17222.9
14835.5 17250.7
14865.9 17278.5
14896.3 17306.3
14926.6 17334.8
14949.7 17363.3
14972.8 17391.9
14995.9 17420.4
15019.0 17454.8
15042.3 17489.4
15065.6 17524.0
15088.9 17558.4
15113.9 17589.9
15143.4 17621.5
15172.9 17653.0
15202.4 17684.4
15229.8 17715.2
15254.0 17745.9
15278.2 17776.7
15302.4 17806.0
15328.5 17831.8
15356.3 17857.5
15384.1 17883.2
15411.9 17911.3
15435.7 17942.8
15457.6 17974.4
15479.4 18006.0
15501.3 18035.1
15523.7 18061.7
15546.3 18088.3
15568.9 18114.9
15591.5 18144.0
15612.9 18174.6
15634.2 18205.3
15655.5 18236.0
15677.0 18258.3
15700.8 18277.5
15724.7 18296.7
15748.5 18315.8
15771.9 18347.1
15792.9 18380.7
15813.8 18414.3
15834.8 18447.9
15856.7 18472.5
15880.7 18496.5
15904.6 18520.5
15928.6 18544.7
15949.4 18571.3
15965.9 18598.0
15982.4 18624.7
15998.9 18650.0
16017.2 18669.0
16036.9 18688.1
16056.6 18707.1
16076.4 18727.1
16094.7 18750.0
16112.5 18772.8
16130.3 18795.6
16148.0 18818.5
16165.7 18841.6
16183.3 18864.6
16200.9 18887.6
16218.5 18910.9
16242.1 18934.5
16266.1 18958.1
16290.1 18981.7
16313.7 19004.2
16331.1 19025.8
16348.4 19047.5
16365.8 19069.1
16383.2 19093.4
16400.7 19118.7
16418.2 19144.0
16435.6 19169.3
16452.9 19191.1
16469.5 19212.2
16486.1 19233.3
16502.8 19254.4
16522.1 19277.7
16544.9 19301.0
16567.7 19324.4
16590.5 19347.9
16609.9 19376.2
16626.8 19404.5
16643.7 19432.8
16660.6 19460.3
16680.9 19483.3
16702.6 19506.3
16724.4 19529.4
16746.1 19552.8
16766.5 19577.6
16786.5 19602.3
16806.6 19627.1
16826.6 19652.6
16846.8 19679.4
16866.9 19706.3
16887.1 19733.2
16907.6 19759.1
16931.7 19784.0
16955.9 19808.8
16980.1 19833.7
17003.3 19860.0
17022.9 19887.3
17042.5 19914.7
17062.1 19942.0
17084.0 19968.7
17110.7 19995.2
17137.4 20021.6
17164.1 20048.0
17187.8 20078.5
17207.8 20110.1
17227.8 20141.7
17247.8 20173.3
17273.2 20195.4
17302.6 20216.4
17332.0 20237.5
17361.4 20258.7
17384.0 20292.6
17403.5 20326.5
17423.0 20360.4
17442.5 20395.0
17469.7 20434.8
17498.6 20474.6
17527.5 20514.3
17556.4 20550.6
17580.0 20574.4
17603.4 20598.3
17626.8 20622.2
17650.5 20648.0
17677.2 20677.4
17703.9 20706.8
17730.6 20736.2
17757.6 20770.7
17785.7 20811.8
17813.8 20853.0
17842.0 20894.1
17870.3 20929.9
17899.1 20961.4
17927.9 20992.8
17956.7 21024.2
17983.5 21058.9
18008.0 21095.4
18032.4 21131.9
18056.8 21168.4
18084.8 21202.6
18115.4 21236.1
18146.1 21269.6
18176.7 21303.0
18204.2 21336.5
18230.2 21369.9
18256.3 21403.3
18282.3 21436.7
18314.6 21473.5
18348.2 21510.3
18381.8 21547.1
18415.5 21583.7
18443.5 21617.1
18471.2 21650.4
18498.9 21683.8
18526.9 21716.8
18559.0 21747.8
18591.1 21778.9
18623.2 21810.0
18654.1 21843.4
18680.1 21882.7
18706.1 21922.1
18732.2 21961.4
18759.7 21998.6
18790.5 22032.6
18821.3 22066.6
18852.1 22100.5
18882.7 22130.8
18913.1 22157.3
18943.5 22183.8
18973.9 22210.2
19003.3 22248.0
19031.8 22293.1
19060.4 22338.3
19089.0 22383.5
19119.1 22420.9
19149.8 22455.1
19180.5 22489.2
19211.2 22523.4
19239.6 22559.0
19267.6 22594.8
19295.5 22630.7
19323.4 22666.6
19348.4 22705.7
19373.1 22745.0
19397.9 22784.4
19423.3 22823.6
19459.6 22855.4
19495.8 22887.2
19532.0 22919.0
19567.0 22951.3
19596.8 22987.1
19626.6 23022.8
19656.4 23058.6
19685.4 23094.6
19712.6 23131.2
19739.8 23167.7
19767.0 23204.3
19796.6 23240.0
19829.3 23273.8
19862.0 23307.7
19894.7 23341.6
19922.3 23377.8
19945.9 23417.1
19969.5 23456.3
19993.1 23495.5
20024.3 23529.8
20059.1 23559.8
20093.9 23589.9
20128.7 23619.9
20159.5 23656.6
20189.4 23696.9
20219.3 23737.2
20249.2 23777.6
20279.4 23808.8
20309.7 23837.0
20340.0 23865.1
20370.2 23893.3
20398.6 23930.8
20427.0 23969.9
20455.4 24009.0
20482.7 24048.1
20504.8 24082.1
20526.9 24115.8
20549.0 24149.5
20576.2 24183.2
20615.4 24216.6
20654.6 24250.0
20693.7 24283.4
20726.4 24317.5
20749.9 24355.2
20773.5 24392.9
20797.0 24430.5
20821.9 24466.3
20848.0 24496.6
20874.2 24526.9
20900.3 24557.3
20930.3 24588.9
20962.3 24622.7
20994.3 24656.5
21026.2 24690.3
21052.7 24723.2
21077.7 24755.0
21102.7 24786.8
21127.7 24818.6
21152.1 24850.2
21176.5 24881.8
21200.9 24913.3
21225.4 24944.9
21255.7 24978.6
21285.9 25013.2
21316.2 25047.8
21346.2 25082.4
21374.9 25114.0
21403.6 25144.7
21432.2 25175.4
21458.9 25206.1
21480.2 25244.1
21501.5 25283.0
21522.9 25321.9
21547.5 25360.8
21577.1 25392.7
21606.8 25424.5
21636.4 25456.3
21664.6 25487.8
21691.5 25517.0
21718.3 25546.2
21745.2 25575.4
21771.6 25605.5
21797.6 25639.3
21823.6 25673.1
21849.7 25706.8
21878.1 25742.2
21907.2 25781.5
21936.4 25820.8
21965.5 25860.1
21992.1 25894.9
22018.3 25922.7
22044.6 25950.5
22070.8 25978.3
22097.4 26010.2
22124.0 26046.3
22150.6 26082.4
22176.7 26118.4
22199.0 26150.7
22221.4 26180.4
22243.8 26210.1
22267.6 26239.8
22295.8 26275.4
22323.9 26313.4
22352.1 26351.4
22381.9 26389.4
22414.4 26423.0
22446.9 26455.5
22479.5 26488.0
22507.6 26520.5
22531.3 26559.0
22555.0 26598.0
22578.7 26637.0
22607.4 26676.0
22639.3 26704.2
22671.2 26732.3
22703.1 26760.5
22731.8 26789.2
22759.3 26822.7
22786.8 26856.2
22814.3 26889.7
22837.7 26921.9
22860.4 26949.5
22883.1 26977.0
22905.9 27004.5
22929.9 27032.8
22954.0 27062.9
22978.1 27093.0
23002.0 27123.1
23024.0 27151.1
23046.0 27176.1
23068.1 27201.1
23092.2 27226.0
23123.9 27258.4
23155.6 27297.7
23187.3 27337.1
23218.6 27376.4
23249.1 27410.0
23279.6 27439.9
23310.1 27469.9
23337.8 27499.8
23362.4 27530.9
23387.0 27562.6
23411.5 27594.2
23435.1 27625.8
23457.9 27655.4
23480.6 27684.6
23503.4 27713.7
23527.9 27742.9
23553.2 27782.1
23578.4 27822.2
23603.7 27862.3
23628.7 27902.1
23653.6 27923.2
23678.5 27944.2
23703.5 27965.3
23733.8 27987.4
23764.4 28017.4
23795.1 28047.4
23825.4 28077.4
23851.1 28109.3
23876.8 28148.6
23902.5 28187.8
23928.1 28227.1
23953.0 28263.5
23977.9 28293.7
24002.7 28323.9
24030.4 28354.1
24064.5 28390.4
24098.6 28435.2
24132.7 28480.1
24160.4 28525.0
24179.4 28559.6
24198.4 28584.5
24217.5 28609.3
24242.9 28634.2
24273.7 28663.8
24304.4 28696.5
24335.2 28729.1
24365.0 28761.8
24394.4 28794.4
24423.8 28827.1
24453.1 28859.7
24482.7 28892.3
24512.4 28931.0
24542.1 28971.1
24571.8 29011.2
24590.8 29051.3
24608.6 29077.3
24626.4 29101.9
24644.8 29126.5
24684.8 29151.2
24724.8 29187.2
24764.8 29223.3
24802.6 29259.3
24827.7 29295.1
24852.8 29329.3
24877.9 29363.6
24904.5 29397.8
24935.4 29430.9
24966.2 29460.0
24997.0 29489.1
25025.6 29518.1
25050.8 29548.7
25075.9 29582.8
25101.1 29616.8
25128.0 29650.9
25156.5 29684.6
25185.0 29717.9
25213.5 29751.2
25242.4 29784.4
25271.6 29823.7
25300.7 29868.7
25329.9 29913.7
25359.3 29958.7
25388.8 29993.8
25418.3 30022.4
25447.9 30051.0
25472.1 30079.6
25495.5 30115.3
25518.9 30154.2
25542.3 30193.0
25577.6 30231.8
25613.2 30255.6
25648.7 30275.7
25683.6 30295.8
25713.8 30315.9
25743.9 30355.2
25774.0 30396.7
25803.2 30438.1
25829.1 30479.6
25855.0 30516.0
25880.9 30552.3
25907.5 30588.7
25935.7 30624.6
25963.9 30656.6
25992.1 30688.6
26023.1 30720.6
26057.3 30753.2
26091.6 30788.5
26125.8 30823.8
26154.1 30859.1
26178.2 30893.1
26202.3 30924.0
26226.4 30954.9
26251.7 30985.8
26277.6 31019.2
26303.5 31056.4
26329.4 31093.7
26355.2 31130.9
26381.0 31168.6
26406.7 31206.8
26432.5 31245.0
26465.3 31283.2
26498.5 31315.1
26531.8 31342.5
26565.1 31369.9
26599.6 31397.4
26634.0 31425.6
26668.5 31454.3
26700.5 31482.9
26720.4 31511.5
26740.4 31546.6
26760.4 31583.5
26783.5 31620.4
26814.3 31657.3
26845.1 31691.8
26875.9 31726.0
26905.0 31760.2
26931.7 31794.4
26958.5 31837.9
26985.2 31881.6
27013.0 31925.2
27041.7 31967.3
27070.4 31988.4
27099.2 32009.6
27129.8 32030.7
27161.4 32053.7
27193.0 32085.5
27224.6 32117.3
27257.2 32149.0
27290.1 32182.1
27323.0 32218.9
27355.9 32255.6
27383.3 32292.4
27410.0 32329.1
27436.7 32365.9
27463.4 32402.6
27491.9 32439.3
27520.4 32471.7
27548.8 32499.2
27576.5 32526.6
27598.3 32554.1
27620.0 32590.3
27641.8 32633.4
27666.0 32676.5
27698.0 32719.7
27730.1 32752.1
27762.1 32778.9
27794.1 32805.8
27826.0 32832.7
27857.9 32864.9
27889.8 32899.0
27919.5 32933.0
27946.9 32967.1
27974.2 32995.2
28001.6 33022.3
28027.8 33049.4
28053.3 33076.5
28078.7 33113.3
28104.1 33150.7
28129.5 33188.0
28154.9 33224.7
28180.3 33247.1
28205.7 33269.5
28231.7 33292.0
28257.8 33317.3
28284.0 33360.5
28310.1 33403.8
28344.1 33447.0
28378.6 33487.1
28413.1 33517.3
28446.8 33547.6
28468.2 33577.8
28489.7 33605.1
28511.2 33626.9
28532.9 33648.6
28555.9 33670.3
28578.9 33699.4
28601.9 33738.1
28627.3 33776.8
28658.6 33815.5
28689.9 33849.9
28721.2 33880.3
28750.3 33910.6
28776.0 33941.0
28801.8 33974.3
28827.6 34009.3
28854.8 34044.3
28883.0 34079.4
28911.3 34105.6
28939.6 34128.5
28969.6 34151.3
29000.4 34174.1
29031.3 34200.0
29062.1 34226.6
29084.5 34253.2
29104.3 34279.7
29124.1 34320.4
29143.9 34362.4
29167.8 34404.4
29192.2 34446.4
29216.7 34472.7
29241.1 34499.1
29269.0 34525.4
29297.0 34551.7
29324.9 34577.4
29352.4 34603.0
29375.9 34628.7
29399.4 34655.1
29423.0 34684.4
29445.5 34713.7
29465.0 34743.1
29484.4 34769.5
29503.9 34788.9
29528.8 34808.3
29563.9 34827.7
29599.0 34854.3
29634.1 34892.1
29660.9 34929.9
29678.3 34967.6
29695.7 34997.5
29713.1 35018.8
29736.6 35040.2
29764.4 35061.6
29792.2 35088.3
29820.0 35119.0
29842.3 35149.7
29862.2 35180.3
29882.0 35213.0
29901.9 35246.7
29923.0 35280.3
29944.5 35314.0
29965.9 35349.6
29987.4 35385.7
30013.6 35421.9
30040.2 35458.0
30066.7 35469.0
30092.9 35476.1
30111.4 35483.2
30129.8 35490.3
30148.3 35520.5
30167.5 35551.7
30190.2 35582.9
30213.0 35613.9
30235.8 35643.4
30259.2 35672.8
30284.5 35702.3
30309.8 35731.0
30335.1 35755.6
30356.3 35780.3
30371.1 35805.0
30386.0 35829.5
30400.9 35853.5
30424.1 35877.5
30455.3 35901.5
30486.4 35924.4
30517.6 35945.3
30540.1 35966.1
30557.7 35986.9
30575.2 36010.7
30592.8 36038.5
30614.7 36066.2
30638.1 36093.9
30661.6 36117.8
30685.0 36138.3
30705.8 36158.8
30726.3 36179.4
30746.7 36209.5
30767.2 36245.3
30790.6 36281.2
30814.1 36317.0
30837.6 36341.2
30860.8 36361.0
30880.9 36380.8
30901.0 36400.6
30921.1 36421.2
30942.0 36442.1
30965.8 36463.0
30989.6 36483.9
31013.4 36505.7
31033.7 36527.6
31046.9 36549.6
31060.0 36571.5
31073.2 36598.2
31094.2 36624.8
31125.0 36651.5
31155.9 36678.9
31186.7 36713.0
31210.3 36747.1
31228.2 36781.2
31246.0 36811.7
31263.9 36827.5
31280.0 36843.2
31295.2 36858.9
31310.5 36879.4
31325.8 36911.5
31347.5 36943.6
31370.8 36975.7
31394.2 37002.1
31417.6 37019.4
31432.6 37036.7
31446.7 37054.1
31460.9 37067.4
31475.1 37076.3
31494.2 37085.2
31513.4 37094.1
31532.5 37121.1
31551.2 37161.7
31566.5 37202.2
31581.9 37242.8
31597.2 37265.8
31616.2 37279.9
31645.9 37294.1
31675.6 37308.2
31705.3 37326.9
31727.2 37347.1
31735.8 37367.2
31744.4 37387.4
31753.0 37415.3
31767.9 37444.6
31789.7 37473.9
31811.5 37503.2
31833.2 37522.9
31855.0 37542.1
31876.8 37561.2
31898.5 37580.8
31920.3 37609.2
31936.6 37637.6
31950.7 37666.0
31964.9 37692.4
31979.0 37706.6
31995.5 37720.8
32012.5 37735.0
32029.6 37748.6
32046.6 37760.5
32069.4 37772.3
32092.6 37784.2
32115.7 37801.7
32138.3 37831.0
32150.9 37860.3
32163.5 37889.6
32176.2 37915.6
32189.6 37936.9
32206.8 37958.2
32224.0 37979.6
32241.2 37998.0
32260.0 38013.8
32282.5 38029.5
32305.1 38045.2
32327.6 38063.7
32349.3 38084.0
32369.7 38104.4
32390.1 38124.7
32410.5 38142.2
32428.8 38158.5
32445.0 38174.8
32461.3 38191.0
32477.5 38218.7
32497.8 38249.4
32520.4 38280.1
32543.0 38310.8
32565.6 38340.8
32588.4 38370.7
32611.4 38400.7
32634.3 38430.6
32657.2 38447.5
32679.5 38464.1
32701.7 38480.6
32723.8 38498.4
32746.0 38530.4
32762.2 38562.4
32778.2 38594.5
32794.2 38624.2
32811.6 38642.1
32843.4 38660.0
32875.1 38678.0
32906.9 38699.1
32936.2 38729.1
32956.0 38759.2
32975.8 38789.3
32995.6 38814.7
33015.3 38831.6
33035.1 38848.4
33054.8 38865.2
33074.5 38889.6
33097.2 38923.4
33123.8 38957.3
33150.4 38991.1
33177.0 39020.4
33201.4 39045.7
33223.9 39071.0
33246.4 39096.4
33268.8 39127.7
33293.3 39162.4
33318.8 39197.1
33344.2 39231.8
33369.7 39264.9
33397.3 39297.3
33425.6 39329.8
33453.8 39362.2
33482.1 39379.6
33500.4 39393.5
33517.6 39407.5
33534.8 39421.5
33552.0 39461.3
33587.3 39503.6
33622.6 39546.0
33658.0 39588.2
33691.9 39603.7
33715.8 39619.2
33739.7 39634.7
33763.6 39651.5
33787.0 39681.1
33809.1 39710.7
33831.2 39740.3
33853.2 39772.2
33879.3 39814.4
33913.0 39856.6
33946.6 39898.8
33980.3 39939.3
34009.3 39975.2
34032.8 40011.2
34056.4 40047.2
34080.0 40083.3
34109.3 40119.8
34143.0 40156.3
34176.6 40192.8
34210.3 40228.2
34241.1 40262.2
34270.7 40296.3
34300.2 40330.3
34329.8 40362.1
34352.5 40392.0
34373.6 40421.9
34394.6 40451.8
34415.7 40485.7
34449.7 40521.8
34484.9 40557.8
34520.2 40593.9
34555.4 40633.2
34591.6 40673.7
34627.7 40714.2
34663.9 40754.6
34698.1 40780.4
34720.6 40803.5
34743.0 40826.5
34765.5 40849.5
34790.5 40888.9
34822.5 40929.4
34854.6 40969.9
34886.6 41010.4
34919.3 41048.8
34953.0 41087.3
34986.8 41125.7
35020.5 41164.2
35053.8 41203.1
35086.6 41242.0
35119.4 41280.9
35152.1 41319.5
35184.4 41356.7
35216.3 41394.0
35248.2 41431.2
35280.2 41468.2
35306.7 41504.5
35331.0 41540.8
35355.2 41577.1
35379.5 41612.0
35412.9 41645.0
35448.3 41677.9
35483.7 41710.8
35519.0 41746.6
35550.1 41785.4
35580.8 41824.2
35611.5 41862.9
35641.9 41899.2
35666.6 41933.6
35691.2 41968.1
35715.9 42002.6
35743.0 42039.8
35782.8 42078.3
35822.6 42116.9
35862.3 42155.4
35897.5 42184.2
35920.7 42210.0
35943.8 42235.7
35967.0 42261.5
35992.3 42310.6
36021.0 42363.6
36049.6 42416.5
36078.3 42469.5
36108.1 42504.4
36139.0 42538.4
36169.9 42572.4
36200.8 42606.1
36229.3 42634.2
36256.3 42662.3
36283.2 42690.4
36310.2 42718.5
36334.7 42746.3
36358.2 42774.1
36381.7 42801.9
36405.2 42832.9
36433.6 42874.4
36463.0 42916.0
36492.4 42957.6
36521.7 42997.0
36555.6 43031.8
36589.6 43066.6
36623.7 43101.4
36657.5 43134.4
36687.1 43165.0
36716.7 43195.6
36746.3 43226.2
36773.9 43256.8
36792.4 43287.4
36810.9 43318.1
36829.4 43348.7
36851.2 43381.4
36880.8 43415.5
36910.5 43449.5
36940.1 43483.6
36969.3 43507.1
36997.7 43525.8
37026.1 43544.6
37054.6 43563.3
37081.7 43596.6
37107.4 43634.0
37133.2 43671.4
37159.0 43708.8
37179.8 43731.7
37197.7 43752.5
37215.6 43773.3
37233.5 43794.1
37256.9 43822.0
37282.3 43850.3
37307.8 43878.5
37333.2 43907.1
37359.5 43943.0
37386.1 43978.8
37412.6 44014.7
37439.2 44046.9
37454.4 44058.3
37469.2 44069.7
37483.9 44081.1
37499.2 44096.4
37519.7 44123.9
37540.3 44151.4
37560.8 44178.9
37581.5 44207.1
37602.7 44237.0
37624.0 44266.9
37645.2 44296.7
37666.5 44319.9
37688.0 44334.1
37709.5 44348.3
37731.0 44362.5
37753.0 44381.9
37775.6 44406.2
37798.3 44430.5
37820.9 44454.8
37839.9 44480.0
37855.5 44505.6
37871.2 44531.3
37886.9 44557.0
37904.7 44570.4
37923.8 44578.8
37942.9 44587.1
37961.9 44595.4
37977.7 44618.1
37992.4 44644.6
38007.1 44671.1
38021.8 44697.6
38040.9 44706.4
38060.8 44713.1
38080.7 44719.7
38100.6 44726.3
38113.9 44753.9
38127.0 44781.9
38140.2 44809.9
38153.9 44837.5
38173.7 44858.3
38193.6 44879.2
38213.4 44900.1
38233.2 44920.3
38252.8 44937.3
38272.4 44954.2
38291.9 44971.2
38309.1 44986.7
38320.7 44998.0
38332.4 45009.2
38344.1 45020.5
38356.2 45031.5
38368.8 45042.0
38381.3 45052.4
38393.9 45062.9
38408.2 45073.4
38423.9 45083.9
38439.6 45094.4
38455.4 45104.9
38473.6 45115.1
38493.3 45125.1
38512.9 45135.2
38532.6 45145.2
38547.7 45160.2
38561.3 45178.2
38574.9 45196.3
38588.5 45214.3
38587.2 45233.2
38583.6 45252.4
38580.1 45271.6
38576.5 45290.8
38598.5 45304.7
38621.0 45317.3
38643.5 45329.9
38665.2 45342.5
38679.0 45349.8
38692.8 45356.4
38706.6 45363.1
38718.6 45369.7
38723.6 45385.7
38728.7 45401.7
38733.7 45417.8
38745.9 45434.1
38773.8 45453.6
38801.7 45473.1
38829.6 45492.7
38850.1 45509.5
38860.8 45513.7
38871.4 45517.8
38882.1 45522.0
38890.3 45528.8
38896.4 45543.2
38902.4 45557.5
38908.5 45571.9
38924.1 45586.2
38944.8 45600.7
38965.6 45615.1
38986.3 45629.5
38996.4 45641.5
39003.0 45650.4
39009.7 45659.3
39016.4 45668.2
39026.9 45681.4
39038.1 45698.4
39049.3 45715.3
39060.4 45732.2
39073.2 45745.2
39085.9 45755.9
39098.7 45766.6
39111.2 45777.3
39120.4 45781.3
39129.6 45782.8
39138.9 45784.3
39149.5 45785.8
39165.5 45797.4
39181.4 45811.3
39197.4 45825.2
39210.3 45839.1
39216.7 45846.1
39223.1 45852.3
39229.5 45858.5
39238.8 45864.7
39252.0 45881.2
39265.2 45897.6
39278.4 45914.1
39294.9 45929.7
39314.3 45937.0
39333.6 45944.3
39352.9 45951.6
39363.8 45961.4
39370.1 45981.7
39376.5 46002.1
39382.8 46022.5
39396.7 46039.4
39413.0 46047.5
39429.3 46055.6
39445.6 46063.7
39459.4 46071.4
39472.8 46078.4
39486.3 46085.3
39499.7 46092.3
39507.0 46102.6
39514.3 46116.9
39521.6 46131.1
39530.2 46145.3
39552.0 46160.6
39573.8 46176.7
39595.7 46192.8
39616.3 46208.9
39632.4 46225.5
39648.5 46242.6
39664.6 46259.6
39679.2 46276.6
39690.7 46280.6
39702.2 46280.0
39713.6 46279.4
39724.6 46278.8
39735.0 46299.0
39745.4 46323.5
39755.7 46348.1
39765.8 46372.6
39775.6 46387.1
39785.3 46400.7
39795.1 46414.4
39818.5 46427.9
39849.3 46439.6
39880.2 46451.2
39911.0 46462.9
39922.4 46474.4
39927.6 46485.2
39932.8 46495.9
39938.0 46506.7
39962.0 46520.1
39988.9 46544.7
40015.8 46569.3
40042.7 46593.8
40055.6 46615.1
40068.2 46628.1
40080.7 46641.1
40092.6 46654.1
40097.2 46666.0
40101.9 46676.2
40106.6 46686.4
40115.3 46696.6
40140.2 46711.5
40165.1 46731.8
40190.0 46752.0
40213.3 46772.3
40232.9 46785.0
40252.6 46791.7
40272.3 46798.5
40290.5 46805.2
40306.8 46825.6
40323.2 46853.1
40339.5 46880.6
40352.3 46908.0
40362.1 46917.9
40371.8 46921.8
40381.5 46925.7
40399.0 46929.6
40420.8 46946.5
40442.6 46965.8
40464.4 46985.2
40480.6 47004.6
40494.8 47012.0
40509.0 47018.6
40523.3 47025.1
40542.8 47031.8
40563.1 47043.1
40583.5 47054.4
40603.8 47065.8
40623.9 47078.1
40644.0 47098.3
40664.1 47118.5
40683.7 47138.7
40697.8 47157.7
40712.0 47172.0
40726.2 47186.2
40739.8 47200.5
40751.0 47216.9
40762.2 47238.5
40773.4 47260.0
40787.4 47281.6
40807.5 47299.6
40827.7 47312.1
40847.9 47324.6
40866.6 47337.1
40883.2 47351.4
40899.7 47367.8
40916.3 47384.2
40936.9 47400.6
40961.3 47419.5
40985.7 47440.3
41010.1 47461.1
41025.3 47481.9
41035.3 47497.5
41045.3 47510.5
41055.2 47523.4
41068.7 47536.4
41083.4 47551.5
41098.0 47567.2
41112.7 47583.0
41133.3 47598.7
41154.9 47616.9
41176.5 47635.4
41198.1 47654.0
41211.0 47672.5
41223.7 47688.5
41236.3 47704.3
41249.8 47720.1
41273.1 47735.9
41296.4 47751.1
41319.7 47766.4
41341.5 47781.7
41356.2 47796.7
41370.9 47809.4
41385.6 47822.1
41400.3 47834.9
41415.0 47849.0
41429.7 47868.0
41444.4 47887.0
41461.6 47905.9
41482.5 47921.2
41503.4 47928.3
41524.3 47935.5
41539.6 47942.6
41549.8 47953.2
41560.0 47968.7
41570.2 47984.3
41579.5 47999.8
41588.2 48014.2
41596.8 48027.6
41605.5 48040.9
41621.2 48054.3
41639.5 48068.2
41657.7 48082.6
41675.9 48096.9
41685.0 48111.2
41692.3 48129.5
41699.7 48149.5
41707.1 48169.4
41728.2 48189.4
41749.9 48197.3
41771.7 48201.8
41792.5 48206.3
41800.1 48210.7
41807.8 48219.5
41815.4 48229.0
41824.1 48238.5
41837.8 48248.0
41851.4 48247.6
41865.1 48246.9
41877.2 48246.2
41885.4 48246.2
41893.6 48257.4
41901.8 48268.6
41914.4 48279.8
41933.7 48292.0
41953.0 48309.9
41972.3 48327.8
41988.5 48345.7
42001.6 48360.7
42014.7 48366.7
42027.8 48372.6
42038.2 48378.6
42046.7 48386.3
42055.2 48397.8
42063.8 48409.2
42075.1 48420.7
42087.5 48431.0
42099.8 48439.7
42112.2 48448.4
42124.0 48457.1
42135.6 48463.1
42147.3 48466.6
42158.9 48470.0
42166.3 48473.5
42173.4 48481.7
42180.6 48493.0
42188.2 48504.3
42204.4 48515.5
42220.7 48521.1
42237.0 48524.2
42252.0 48527.3
42260.6 48530.5
42269.1 48537.9
42277.7 48546.4
42286.9 48555.0
42297.6 48563.5
42308.4 48580.2
42319.1 48598.0
42329.4 48615.7
42339.0 48633.5
42348.6 48642.0
42358.1 48650.3
42366.7 48658.7
42374.2 48666.0
42381.8 48660.5
42389.3 48655.0
42398.0 48649.5
42407.5 48644.7
42417.0 48643.0
42426.5 48641.4
42436.6 48639.7
42447.0 48640.8
42457.4 48649.5
42467.8 48658.3
42465.9 48667.1
42461.1 48671.6
42456.3 48668.4
42451.5 48665.2
42462.9 48662.0
42475.5 48661.6
42488.2 48664.6
42500.9 48667.6
42513.7 48670.7
42526.6 48676.2
42539.5 48683.8
42553.1 48691.5
42571.0 48699.1
42588.9 48707.0
42606.7 48715.1
42618.1 48723.1
42610.4 48731.2
42602.6 48724.7
42594.9 48712.8
42594.0 48700.9
42605.4 48689.0
42616.8 48696.5
42628.1 48708.3
42637.2 48720.1
42643.5 48731.9
42649.9 48737.6
42656.3 48742.8
42657.4 48748.1
42654.7 48753.2
42652.0 48755.7
42649.4 48758.1
42654.7 48760.5
42663.7 48762.8
42672.7 48763.8
42681.7 48764.9
42688.8 48766.0
42695.4 48768.7
42702.1 48777.8
42708.7 48786.8
42714.6 48795.9
42720.5 48798.9
42726.4 48787.2
42732.3 48775.4
42739.6 48763.6
42746.9 48760.5
42754.2 48771.2
42760.8 48782.0
42763.3 48792.7
42765.8 48799.6
42768.3 48802.5
42770.0 48805.3
42769.2 48808.1
42768.4 48810.0
42767.5 48811.3
42771.5 48812.6
42784.7 48813.9
42797.9 48815.5
42811.1 48817.4
42820.2 48819.3
42824.6 48821.2
42829.0 48824.7
42833.4 48828.7
42835.3 48832.8
42835.3 48836.8
42835.4 48832.4
42835.4 48826.5
42843.9 48820.6
42856.6 48814.7
42869.3 48806.7
42881.9 48798.6
42875.4 48790.5
42863.4 48782.6
42851.5 48780.5
42839.5 48778.3
42843.1 48776.2
42848.7 48775.6
42854.3 48784.8
42859.9 48794.1
42863.9 48803.3
42867.9 48809.6
42872.0 48805.8
42875.9 48802.0
42879.6 48798.2
42883.3 48796.3
42887.0 48798.6
42890.3 48800.9
42892.3 48803.1
42894.2 48804.4
42896.2 48804.2
42897.5 48804.0
42897.6 48803.8
42897.8 48810.0
42897.9 48822.4
42901.6 48834.7
42910.2 48847.1
42918.8 48845.3
42927.4 48834.3
42932.8 48823.3
42935.3 48812.3
42937.9 48807.4
42940.4 48805.2
42945.3 48803.0
42951.5 48800.7
42957.6 48800.5
42963.8 48800.9
42966.4 48801.2
42967.9 48801.5
42969.5 48811.8
42971.0 48823.4
42979.8 48834.9
42989.8 48846.5
42999.7 48833.0
43009.7 48818.9
43007.3 48804.9
43004.6 48792.8
43002.0 48803.1
43000.3 48813.4
43009.6 48823.8
43018.8 48831.0
43028.1 48822.9
43037.0 48814.8
43044.5 48806.7
43052.0 48804.8
43059.5 48820.3
43067.6 48835.7
43076.9 48851.1
43086.2 48860.0
43095.6 48857.4
43102.9 48854.7
43107.5 48852.0
43112.1 48859.4
43116.7 48878.8
43120.4 48898.3
43123.4 48917.7
43126.3 48924.1
43129.2 48919.6
43133.4 48915.2
43138.3 48910.7
43143.1 48919.5
43148.0 48935.6
43153.2 48951.6
43158.6 48967.7
43164.0 48972.9
43169.4 48974.1
43183.4 48975.4
43198.9 48976.7
43214.5 48974.4
43230.0 48971.4
43240.7 48968.3
43251.1 48965.3
43261.5 48976.0
43272.1 48987.7
43284.3 48999.4
43296.6 49010.9
43308.9 49011.2
43322.2 49011.5
43340.5 49011.9
43358.9 49014.4
43377.3 49032.6
43390.6 49050.8
43391.1 49069.0
43391.5 49081.7
43392.0 49073.9
43393.7 49066.1
43397.3 49058.4
43401.0 49054.9
43404.6 49061.0
43415.8 49067.0
43434.7 49073.1
43453.6 49084.7
43472.4 49104.3
43486.2 49124.0
43496.5 49143.6
43506.9 49161.5
43517.3 49177.8
43532.5 49194.0
43549.6 49210.3
43566.8 49221.2
43583.9 49228.6
43593.7 49235.9
43602.0 49243.3
43610.2 49256.4
43618.4 49272.1
43624.5 49287.7
43630.4 49303.4
43636.4 49312.5
43642.9 49319.9
43663.6 49327.2
43684.2 49334.6
43704.9 49353.9
43725.9 49374.9
43749.1 49395.8
43772.3 49416.8
43795.4 49428.2
43813.9 49439.5
43818.9 49450.7
43823.9 49462.7
43828.9 49483.5
43840.9 49504.4
43865.0 49525.2
43889.1 49544.7
43913.2 49557.7
43929.8 49570.6
43938.0 49583.6
43946.2 49597.7
43954.5 49615.0
43972.2 49632.4
43996.9 49649.7
44021.5 49665.3
44046.1 49677.8
44066.2 49690.3
44084.3 49702.7
44102.3 49722.3
44120.4 49750.2
44137.9 49778.0
44155.2 49805.9
44172.5 49826.9
44189.8 49842.2
44215.9 49857.6
44242.9 49872.9
44269.8 49892.2
44296.7 49913.6
44317.8 49935.0
44339.0 49956.4
44360.1 49965.1
44380.3 49969.6
44393.5 49974.1
44406.8 49978.5
44420.0 49999.3
44434.5 50023.1
44453.3 50046.9
44472.0 50070.8
44490.7 50099.0
44508.1 50127.6
44522.9 50156.1
44537.8 50184.1
44552.6 50195.3
44572.2 50206.5
44597.5 50217.8
44622.8 50229.2
44648.1 50242.0
44668.1 50254.8
44683.7 50267.5
44699.3 50285.1
44715.0 50318.8
44735.6 50352.6
44758.8 50386.3
44782.1 50414.3
44805.3 50430.3
44816.5 50446.3
44824.1 50462.3
44831.8 50479.4
44839.4 50498.1
44863.9 50516.8
44890.7 50535.5
44917.5 50557.4
44944.3 50582.1
44964.8 50606.9
44985.2 50631.7
45005.5 50648.8
45025.4 50661.0
45041.0 50673.2
45056.5 50685.5
45072.0 50705.4
45091.8 50728.5
45128.2 50751.6
45164.6 50774.7
45200.9 50794.0
45227.6 50812.3
45233.2 50830.7
45238.7 50849.1
45244.3 50875.5
45259.8 50902.8
45289.0 50930.1
45318.2 50957.3
45347.4 50974.5
45376.3 50991.7
45404.9 51009.0
45433.5 51026.6
45462.1 51048.0
45484.9 51069.4
45504.3 51090.7
45523.8 51114.8
45543.2 51149.6
45556.9 51184.5
45568.5 51219.3
45580.2 51250.1
45591.8 51271.6
45619.3 51293.0
45649.6 51314.4
45679.8 51331.5
45710.0 51342.1
45732.5 51352.7
45754.7 51363.3
45776.8 51376.1
45799.1 51391.2
45823.6 51406.3
45848.1 51421.4
45872.6 51443.0
45895.9 51469.1
45913.7 51495.1
45931.6 51521.2
45949.4 51553.6
45968.1 51588.8
45988.8 51624.0
46009.5 51659.2
46030.2 51679.3
46053.2 51695.3
46079.9 51711.3
46106.5 51727.4
46133.1 51745.8
46156.7 51764.5
46177.1 51783.2
46197.6 51802.0
46218.1 51825.1
46236.5 51848.3
46253.5 51871.4
46270.6 51894.0
46287.6 51909.6
46312.7 51925.1
46340.8 51940.7
46369.0 51957.6
46397.1 51980.3
46414.6 52002.9
46429.8 52025.6
46445.1 52048.5
46460.3 52072.0
46481.0 52095.4
46502.1 52118.8
46523.2 52138.4
46544.3 52151.7
46565.2 52165.0
46586.1 52178.3
46607.0 52194.3
46627.3 52213.5
46644.1 52232.7
46660.8 52251.9
46677.6 52263.8
46696.4 52270.3
46721.0 52276.7
46745.7 52283.2
46770.3 52302.9
46793.7 52329.0
46815.0 52355.1
46836.2 52381.2
46857.4 52397.1
46869.3 52410.0
46870.7 52422.9
46872.2 52435.8
46873.7 52441.2
46886.2 52445.6
46906.7 52449.9
46927.2 52454.3
46947.7 52481.0
46971.4 52508.5
46996.6 52535.9
47021.8 52562.0
47047.0 52569.3
47056.9 52576.5
47063.0 52583.8
47069.1 52594.3
47075.2 52620.3
47096.8 52646.4
47119.9 52672.5
47143.1 52693.8
47165.9 52702.4
47169.2 52710.9
47172.4 52719.4
47175.7 52728.8
47180.5 52739.8
47195.6 52750.7
47210.7 52761.6
47225.8 52776.4
47237.6 52795.7
47238.4 52815.0
47239.3 52834.3
47240.1 52843.4
47246.3 52844.5
47263.0 52845.7
47279.7 52846.9
47296.4 52848.5
47314.0 52850.4
47332.8 52852.3
47351.5 52854.2
47370.3 52870.7
47383.7 52891.8
47392.8 52912.8
47401.8 52933.8
47410.9 52941.4
47406.7 52946.9
47395.6 52952.4
47384.5 52957.9
47373.5 52950.7
47386.6 52942.9
47406.9 52935.2
47427.1 52928.5
47447.4 52935.5
47451.3 52942.4
47453.0 52949.4
47454.7 52955.1
47456.4 52953.8
47461.5 52952.5
47466.6 52951.2
47471.7 52953.7
47475.9 52966.5
47471.0 52979.3
47466.0 52992.1
47461.1 53001.2
47457.4 53003.7
47458.6 53006.2
47459.8 53008.7
47461.0 53008.9
47460.8 53006.6
47457.3 53004.2
47453.9 53001.8
47450.4 52997.6
47452.4 52992.1
47462.0 52986.5
47471.5 52980.9
47481.1 52980.0
47486.6 52981.4
47488.5 52982.8
47490.4 52984.2
47492.3 52980.3
47490.1 52974.9
47485.5 52969.5
47480.9 52964.1
47476.3 52954.3
47471.0 52943.8
47465.5 52933.4
47459.9 52923.0
47454.4 52914.4
47443.2 52905.9
47431.0 52897.4
47418.8 52888.5
47406.6 52874.6
47406.3 52860.6
47406.6 52846.7
47406.8 52835.7
47406.6 52838.9
47398.8 52842.0
47391.1 52845.2
47383.4 52842.6
47376.3 52825.1
47372.3 52807.6
47368.3 52790.1
47364.2 52774.2
47360.3 52760.8
47356.5 52747.4
47352.7 52734.1
47348.9 52730.0
47345.8 52735.9
47343.9 52741.8
47342.0 52747.7
47340.2 52743.4
47334.8 52731.8
47325.9 52720.1
47317.0 52708.4
47308.1 52689.9
47299.2 52668.2
47290.3 52646.6
47281.4 52624.9
47272.5 52619.4
47264.2 52618.4
47256.3 52617.4
47248.4 52616.3
47240.4 52604.9
47230.3 52592.1
47219.6 52579.4
47209.0 52566.6
47198.3 52545.7
47186.1 52524.6
47173.7 52503.6
47161.4 52484.3
47149.7 52482.0
47154.4 52479.7
47159.2 52477.4
47163.9 52476.1
47166.6 52479.4
47156.8 52482.6
47147.1 52485.8
47137.3 52481.8
47128.5 52460.5
47122.2 52439.2
47115.9 52418.0
47109.6 52399.9
47101.7 52386.7
47091.0 52373.4
47080.4 52360.2
47069.8 52344.5
47061.5 52326.5
47055.7 52308.4
47050.0 52290.4
47044.3 52281.1
47037.0 52277.5
47028.3 52273.9
47019.7 52270.2
47011.1 52266.2
47007.9 52261.9
47007.1 52257.7
47006.3 52253.4
47005.5 52240.3
46991.7 52225.2
46974.6 52210.1
46957.5 52195.0
46940.4 52185.6
46929.6 52176.7
46919.6 52167.9
46909.6 52159.0
46899.6 52149.6
46898.5 52140.1
46897.5 52130.6
46896.4 52119.7
46894.6 52098.0
46887.3 52076.3
46880.1 52054.6
46872.9 52036.6
46865.7 52031.8
46858.6 52027.0
46851.5 52022.3
46844.4 52015.7
46838.2 52005.5
46833.6 51995.2
46829.0 51985.0
46824.4 51980.7
46820.3 51984.0
46816.8 51987.3
46813.2 51990.6
46809.7 51981.1
46800.2 51960.6
46785.8 51940.0
46771.4 51919.4
46756.9 51915.0
46747.0 51919.6
46739.5 51924.2
46731.9 51928.8
46724.3 51923.5
46724.8 51914.9
46727.7 51906.2
46730.6 51897.6
46733.6 51890.9
46727.2 51884.5
46719.5 51878.1
46711.8 51871.8
46704.0 51858.6
46705.3 51845.2
46706.7 51831.8
46708.1 51818.6
46708.9 51809.5
46704.3 51800.4
46699.7 51791.3
46695.1 51782.5
46690.9 51775.1
46688.3 51767.7
46685.8 51760.3
46683.3 51753.1
46677.9 51746.5
46666.1 51739.9
46654.2 51733.4
46642.4 51724.6
46634.1 51712.1
46630.9 51699.5
46627.6 51687.0
46624.4 51687.4
46622.8 51702.1
46622.7 51716.8
46622.6 51731.5
46622.5 51732.0
46623.8 51722.5
46625.9 51712.9
46627.9 51703.4
46630.0 51703.4
46630.1 51707.7
46629.6 51712.0
46629.1 51716.3
46628.6 51717.2
46624.7 51717.3
46620.3 51717.3
46615.8 51717.3
46611.4 51712.4
46614.0 51707.0
46616.9 51701.5
46619.8 51696.1
46623.0 51697.6
46629.9 51699.1
46636.9 51700.6
46643.8 51702.1
46646.4 51703.5
46628.4 51704.9
46610.5 51706.2
46592.5 51705.2
46583.9 51695.7
46599.3 51686.2
46614.6 51676.7
46630.0 51673.2
46639.2 51682.5
46638.7 51691.8
46638.3 51701.0
46637.8 51706.5
46638.1 51706.8
46639.2 51707.0
46640.2 51707.3
46641.3 51705.4
46645.0 51701.5
46650.4 51697.6
46655.9 51693.7
46661.3 51691.0
46666.2 51689.0
46670.8 51687.0
46675.3 51685.0
46679.9 51685.0
46678.8 51685.6
46676.5 51686.2
46674.2 51686.8
46671.9 51689.5
46675.7 51692.4
46680.0 51695.4
46684.3 51698.4
46688.6 51709.7
46693.0 51721.3
46697.4 51732.9
46701.9 51743.8
46705.5 51745.7
46704.5 51747.6
46703.5 51749.4
46702.5 51750.9
46702.0 51750.6
46702.9 51750.4
46703.7 51750.1
46704.6 51750.7
46706.9 51753.7
46711.6 51756.6
46716.4 51759.5
46721.2 51758.7
46725.0 51752.0
46727.8 51745.2
46730.7 51738.5
46733.5 51739.8
46744.3 51749.3
46760.7 51758.7
46777.2 51768.1
46793.6 51771.7
46804.8 51771.5
46813.7 51771.3
46822.5 51771.1
46831.4 51781.3
46835.6 51795.7
46838.6 51810.0
46841.7 51824.4
46844.7 51826.1
46846.3 51825.0
46847.7 51823.9
46849.2 51822.8
46850.7 51834.3
46856.4 51846.8
46862.2 51859.2
46868.0 51871.1
46874.4 51871.7
46885.8 51872.3
46897.2 51872.8
46908.5 51874.1
46918.5 51879.7
46923.9 51885.2
46929.3 51890.7
46934.7 51899.1
46942.8 51915.5
46956.5 51931.9
46970.1 51948.3
46983.8 51961.8
46992.7 51969.9
46995.6 51978.1
46998.6 51986.3
47001.6 51993.3
47012.7 51998.9
47030.3 52004.6
47047.9 52010.3
47065.6 52006.9
47073.6 51997.0
47076.7 51987.1
47079.7 51977.2
47082.8 51982.1
47086.0 51993.6
47089.2 52005.0
47092.3 52016.5
47095.5 52027.8
47098.5 52039.0
47101.4 52050.2
47104.4 52061.4
47107.3 52075.1
47120.4 52089.1
47133.6 52103.0
47146.8 52117.1
47159.9 52134.0
47172.2 52150.9
47184.6 52167.8
47196.9 52184.3
47209.0 52197.8
47220.0 52211.2
47231.1 52224.6
47242.1 52237.5
47252.5 52248.8
47261.2 52260.0
47270.0 52271.3
47278.7 52282.3
47291.5 52293.0
47309.8 52303.8
47328.1 52314.5
47346.4 52320.0
47358.7 52319.4
47365.8 52318.9
47372.8 52318.3
47379.9 52331.2
47387.7 52354.1
47396.0 52377.0
47404.2 52399.9
47412.4 52415.1
47414.6 52426.5
47414.6 52438.0
47414.7 52449.5
47414.7 52455.2
47421.7 52459.4
47429.7 52463.5
47437.8 52467.7
47445.8 52476.6
47449.8 52486.0
47453.7 52495.4
47457.5 52504.8
47461.9 52514.8
47473.2 52524.8
47484.5 52534.7
47495.8 52544.7
47507.8 52554.3
47523.2 52564.0
47538.6 52573.6
47554.0 52583.2
47572.2 52592.4
47597.0 52601.7
47621.9 52610.9
47646.7 52620.8
47662.0 52632.1
47663.2 52643.3
47664.3 52654.6
47665.5 52665.3
47668.3 52675.6
47672.7 52685.8
47677.2 52696.0
47681.6 52706.1
47682.0 52715.9
47680.0 52725.8
47678.0 52735.7
47675.9 52747.4
47671.8 52759.9
47666.8 52772.4
47661.8 52784.9
47656.8 52795.1
47670.7 52804.6
47688.3 52814.1
47705.8 52823.6
47723.4 52844.3
47733.1 52866.2
47742.3 52888.0
47751.5 52909.3
47760.9 52899.5
47773.5 52889.7
47786.0 52879.9
47798.6 52872.7
47810.4 52882.6
47818.1 52892.5
47825.8 52902.4
47833.5 52910.6
47842.7 52913.8
47856.0 52917.0
47869.2 52920.2
47882.5 52920.4
47890.1 52915.1
47888.6 52909.9
47887.0 52904.7
47885.5 52904.2
47880.9 52908.9
47873.3 52913.7
47865.7 52918.5
47858.1 52923.3
47853.2 52928.2
47850.0 52933.0
47846.8 52937.9
47843.6 52942.5
47846.6 52947.1
47852.0 52951.7
47857.4 52956.2
47862.9 52965.2
47858.1 52975.3
47851.0 52985.3
47843.9 52995.3
47836.8 52999.1
47834.8 53002.3
47833.3 53005.5
47831.8 53008.3
47830.9 52998.8
47849.5 52989.2
47868.2 52979.7
47886.8 52973.2
47903.9 52983.8
47912.3 52994.3
47920.6 53004.9
47929.0 53012.7
47934.9 53013.3
47933.5 53013.8
47932.1 53014.3
47930.7 53015.0
47929.1 53016.0
47927.0 53017.0
47925.0 53018.0
47922.9 53020.8
47925.0 53025.4
47931.7 53030.1
47938.5 53034.7
47945.2 53045.9
47952.4 53061.4
47959.8 53076.8
47967.3 53092.2
47974.7 53097.9
47971.4 53099.9
47963.3 53102.0
47955.1 53104.0
47946.9 53119.7
47954.6 53138.0
47966.4 53156.3
47978.2 53174.6
47990.0 53178.5
48011.0 53181.7
48033.0 53184.9
48054.9 53188.0
48076.7 53191.2
48086.4 53194.4
48096.1 53197.6
48105.8 53203.4
48115.8 53220.4
48127.5 53237.4
48139.3 53254.4
48151.1 53266.4
48159.3 53266.8
48155.9 53267.2
48152.6 53267.6
48149.2 53274.0
48146.0 53288.7
48143.2 53303.4
48140.3 53318.2
48137.5 53324.0
48137.2 53322.0
48140.1 53319.9
48142.9 53317.9
48145.8 53326.3
48142.2 53340.2
48133.5 53354.1
48124.8 53368.0
48116.1 53382.4
48121.0 53396.9
48132.7 53411.4
48144.4 53425.9
48156.1 53434.0
48171.1 53441.1
48186.9 53448.3
48202.7 53455.5
48218.6 53468.0
48221.8 53480.6
48223.5 53493.2
48225.2 53502.6
48226.9 53488.0
48230.9 53473.4
48234.9 53458.9
48238.9 53446.3
48241.9 53440.4
48236.1 53434.5
48230.3 53428.6
48224.5 53421.4
48215.2 53411.8
48193.2 53402.1
48171.3 53392.4
48149.3 53385.9
48126.9 53383.1
48103.7 53380.2
48080.5 53377.3
48057.3 53371.7
48036.6 53364.3
48018.9 53356.8
48001.2 53349.3
47983.5 53336.5
47958.3 53321.3
47926.9 53306.1
47895.5 53290.9
47864.1 53284.8
47843.4 53280.5
47828.2 53276.3
47813.1 53272.1
47797.9 53236.7
47786.6 53199.3
47776.4 53162.0
47766.3 53125.3
47756.2 53100.9
47743.4 53076.4
47730.3 53052.0
47717.2 53026.9
47704.0 52998.6
47674.7 52970.3
47645.1 52941.9
47615.5 52914.3
47585.7 52888.5
47553.4 52862.6
47521.1 52836.8
47488.8 52797.5
47456.8 52739.1
47426.5 52680.6
47396.1 52622.2
47365.7 52587.5
47335.7 52573.6
47306.5 52559.8
47277.3 52545.9
47248.1 52529.0
47215.0 52510.6
47176.5 52492.3
47138.0 52473.9
47099.5 52445.5
47068.1 52414.2
47043.1 52382.8
47018.1 52351.5
46993.0 52320.2
46973.5 52288.9
46957.1 52257.6
46940.7 52226.3
46924.3 52194.5
46899.8 52162.8
46872.6 52131.1
46845.5 52098.2
46818.4 52057.3
46795.7 52016.4
46773.8 51975.5
46751.8 51937.5
46729.9 51908.2
46711.3 51878.8
46692.9 51849.5
46674.4 51824.0
46653.2 51805.1
46601.6 51786.2
46550.0 51767.3
46498.3 51748.0
46450.1 51728.3
46416.4 51708.6
46382.7 51688.9
46348.9 51652.4
46314.8 51605.2
46279.6 51558.0
46244.4 51510.9
46209.2 51487.4
46172.1 51472.5
46132.5 51457.7
46092.9 51442.8
46053.2 51421.0
46024.7 51398.1
46006.4 51375.1
45988.0 51352.2
45969.7 51321.4
45948.5 51290.5
45925.6 51259.6
45902.7 51228.7
45879.8 51198.2
45862.5 51167.7
45847.1 51137.3
45831.8 51104.8
45816.4 51064.9
45800.6 51025.0
45784.6 50985.1
45768.6 50949.4
45752.6 50921.8
45708.1 50894.1
45662.5 50866.4
45616.9 50841.3
45571.6 50818.9
45530.9 50796.6
45490.2 50774.2
45449.5 50752.9
45410.6 50732.3
45380.0 50711.7
45349.4 50691.1
45318.7 50656.6
45285.5 50616.5
45246.1 50576.3
45206.6 50536.1
45167.2 50513.2
45132.3 50493.8
45104.1 50474.5
45075.9 50455.1
45047.8 50411.8
45028.5 50367.3
45017.8 50322.9
45007.1 50279.6
44996.3 50251.4
44981.9 50223.2
44965.3 50194.9
44948.6 50166.3
44932.0 50135.9
44909.5 50105.5
44884.9 50075.1
44860.3 50046.0
44835.6 50019.9
44806.9 49993.7
44777.4 49967.5
44747.8 49937.3
44718.3 49902.3
44680.8 49867.2
44642.8 49832.2
44604.9 49814.2
44567.2 49809.0
44532.5 49803.8
44497.8 49798.7
44463.2 49780.2
44430.3 49755.9
44405.6 49731.6
44380.9 49707.3
44356.3 49675.0
44334.1 49641.0
44318.0 49607.0
44302.0 49573.0
44286.0 49543.7
44269.5 49514.8
44252.3 49485.8
44235.2 49456.6
44218.0 49424.7
44201.7 49392.9
44186.3 49361.0
44170.8 49328.4
44155.4 49292.3
44139.7 49256.2
44124.0 49220.1
44108.3 49186.0
44092.6 49156.0
44067.5 49126.0
44039.0 49096.0
44010.4 49073.4
43981.9 49059.9
43951.8 49046.5
43921.4 49033.0
43891.0 49020.4
43860.6 49008.6
43829.4 48996.7
43798.2 48984.8
43766.9 48979.2
43735.8 48976.4
43705.8 48973.7
43675.8 48970.9
43645.9 48942.8
43619.5 48909.2
43610.5 48875.5
43601.4 48841.9
43592.4 48822.8
43580.5 48804.6
43561.1 48786.3
43541.7 48765.7
43522.4 48714.6
43512.7 48663.4
43517.8 48612.3
43523.0 48569.0
43528.2 48557.8
43523.0 48546.6
43507.5 48535.4
43492.0 48526.0
43476.5 48520.7
43456.3 48515.4
43433.3 48510.0
43410.2 48501.2
43387.1 48488.3
43360.3 48475.4
43332.0 48462.4
43303.8 48450.9
43275.5 48440.3
43241.9 48429.8
43207.3 48419.2
43172.7 48402.3
43138.1 48382.7
43118.3 48363.2
43099.3 48343.6
43080.3 48326.5
43062.0 48310.0
43054.3 48293.4
43046.6 48276.9
43038.9 48258.8
43031.0 48240.6
43022.3 48222.5
43013.6 48203.5
43004.9 48175.4
42998.2 48147.3
42996.9 48119.2
42995.7 48092.4
42994.4 48070.7
42992.3 48048.9
42989.0 48027.1
42985.7 48007.2
42982.4 47990.8
42967.9 47974.5
42942.3 47958.2
42916.7 47943.4
42891.1 47930.3
42865.5 47917.3
42839.9 47904.3
42814.2 47895.1
42788.6 47888.6
42765.8 47882.0
42743.9 47875.5
42722.1 47873.9
42700.3 47874.1
42680.2 47874.3
42660.4 47874.5
42640.7 47859.4
42620.9 47841.8
42620.9 47824.2
42622.0 47806.6
42623.0 47801.2
42623.5 47795.9
42614.4 47790.5
42605.4 47783.4
42596.3 47763.7
42589.5 47744.0
42593.2 47724.3
42596.9 47706.3
42600.7 47693.5
42600.2 47680.8
42588.9 47668.0
42577.7 47654.0
42566.5 47637.9
42548.9 47621.8
42521.7 47605.8
42494.4 47586.4
42467.2 47564.0
42446.4 47541.5
42432.1 47519.1
42417.7 47505.1
42403.3 47495.9
42384.4 47486.6
42362.7 47477.3
42340.9 47468.3
42319.2 47459.3
42308.9 47450.3
42302.9 47441.4
42296.9 47443.6
42290.9 47447.1
42287.7 47450.5
42285.1 47453.9
42282.5 47453.3
42279.9 47452.8
42274.6 47452.3
42269.2 47449.7
42263.8 47436.1
42258.6 47422.6
42255.9 47409.0
42253.3 47396.5
42250.6 47386.4
42242.7 47376.3
42210.3 47366.2
42178.0 47356.3
42145.6 47346.7
42119.1 47337.1
42106.6 47327.5
42094.2 47313.8
42081.8 47296.9
42068.1 47280.0
42052.5 47263.1
42036.9 47253.7
42021.3 47247.5
42008.0 47241.4
41996.9 47235.2
41985.7 47217.1
41974.5 47196.4
41976.0 47175.7
41985.1 47155.1
41994.1 47160.2
42003.1 47166.4
42010.4 47172.5
42017.1 47180.1
42023.7 47200.9
42030.4 47221.8
42031.5 47242.7
42031.5 47256.4
42031.6 47245.6
42031.7 47234.9
42027.2 47224.1
42022.5 47219.3
42017.8 47225.4
42012.8 47231.5
42003.6 47237.6
41994.3 47244.2
41985.1 47251.5
41976.3 47258.7
41969.2 47265.9
41962.2 47274.4
41955.2 47283.5
41953.5 47292.7
41964.6 47301.9
41975.6 47295.7
41986.7 47284.7
41993.5 47273.6
41994.3 47262.5
41995.2 47261.7
41996.0 47262.1
41998.2 47262.5
42001.8 47262.5
42005.3 47247.4
42008.9 47232.3
41994.1 47217.2
41968.9 47205.2
41943.6 47209.5
41918.4 47213.8
41903.4 47218.0
41891.8 47221.5
41880.3 47223.2
41868.8 47224.8
41868.0 47226.5
41869.0 47228.8
41870.0 47231.9
41871.0 47235.0
41884.7 47238.1
41898.7 47250.1
41912.7 47268.9
41927.2 47287.7
41947.6 47306.5
41968.0 47327.4
41988.4 47349.3
42009.1 47371.1
42030.9 47393.0
42052.8 47406.6
42074.7 47418.6
42090.2 47430.6
42091.4 47442.6
42092.6 47452.2
42093.8 47461.8
42095.5 47471.4
42097.8 47480.7
42100.2 47488.1
42102.6 47495.5
42106.6 47502.9
42111.9 47509.9
42117.2 47515.4
42122.5 47520.9
42140.0 47526.4
42164.0 47540.6
42188.0 47568.4
42212.0 47596.2
42225.5 47624.0
42235.6 47644.0
42245.8 47656.9
42256.0 47669.8
42256.5 47682.7
42255.7 47701.4
42254.9 47723.2
42254.0 47745.0
42250.9 47766.8
42247.7 47797.2
42244.6 47829.7
42242.5 47862.3
42250.2 47894.9
42257.9 47875.0
42265.7 47851.5
42274.4 47828.1
42287.0 47806.8
42299.5 47810.8
42312.1 47814.9
42326.1 47818.9
42343.1 47823.1
42360.2 47828.0
42377.2 47832.9
42377.5 47837.8
42356.4 47848.2
42335.3 47868.7
42314.2 47889.2
42288.0 47909.7
42257.8 47918.0
42227.5 47913.7
42197.3 47909.4
42192.1 47905.1
42199.6 47903.3
42207.1 47903.0
42214.6 47902.7
42217.5 47902.5
42219.1 47877.3
42220.7 47844.7
42222.4 47812.1
42216.8 47779.5
42210.3 47766.8
42203.8 47756.2
42197.1 47745.5
42160.8 47734.4
42124.4 47715.1
42088.1 47695.8
42051.9 47676.5
42017.5 47660.2
41983.1 47656.3
41948.6 47652.5
41921.9 47648.7
41920.3 47640.1
41918.8 47621.7
41917.3 47603.4
41915.4 47585.0
41912.7 47564.3
41910.1 47540.9
41907.5 47517.4
41884.2 47494.0
41836.5 47477.1
41788.8 47464.4
41741.2 47451.7
41690.4 47439.1
41637.3 47395.5
41584.2 47341.7
41531.1 47287.9
41505.2 47234.1
41491.8 47195.3
41478.3 47158.5
41464.9 47121.6
41453.0 47085.0
41441.6 47058.6
41430.1 47032.2
41418.6 47005.9
41396.6 46979.3
41373.5 46951.6
41350.5 46924.0
41326.1 46896.4
41255.3 46870.8
41184.5 46849.2
41113.7 46827.7
41049.3 46806.1
41024.1 46783.6
40998.9 46759.9
40973.7 46736.2
40949.4 46712.4
40927.9 46682.4
40906.4 46648.2
40884.9 46614.0
40860.4 46579.8
40830.8 46547.7
40801.2 46516.5
40771.7 46485.2
40737.4 46453.9
40698.2 46400.2
40658.9 46343.6
40619.7 46287.1
40580.9 46231.3
40542.6 46199.5
40504.2 46167.8
40465.8 46136.1
40435.3 46106.4
40407.9 46086.0
40380.5 46065.6
40353.1 46045.3
40347.8 46021.8
40347.1 45991.5
40346.5 45961.3
40345.8 45931.0
40308.8 45895.1
40269.5 45852.6
40230.2 45810.1
40190.7 45767.6
40146.6 45733.0
40102.6 45703.4
40058.5 45673.9
40016.2 45644.4
39982.2 45619.3
39948.3 45595.8
39914.3 45572.3
39887.1 45548.7
39876.8 45544.4
39866.5 45542.4
39856.3 45540.4
39845.5 45537.8
39834.1 45521.8
39822.6 45505.9
39811.2 45489.9
39783.6 45467.8
39740.7 45418.7
39697.8 45369.5
39654.8 45320.3
39660.3 45274.4
39639.0 45248.2
39618.1 45222.1
39597.6 45196.1
39577.5 45170.3
39557.9 45144.7
39538.6 45119.2
39519.8 45093.9
39501.4 45068.8
39483.5 45043.8
39466.1 45019.0
39449.1 44994.3
39432.5 44969.8
39416.5 44945.5
39400.9 44921.4
39385.8 44897.4
39371.2 44873.6
39357.2 44850.0
39343.6 44826.6
39330.6 44803.3
39318.1 44780.3
39306.1 44757.4
39294.6 44734.7
39283.8 44712.2
39273.4 44689.9
39263.7 44667.8
39254.5 44645.9
39245.9 44624.1
39237.8 44602.6
39230.4 44581.3
39223.6 44560.2
39217.3 44539.3
39211.7 44518.5
39206.7 44498.0
39202.4 44477.7
39198.7 44457.7
39195.6 44437.8
